N, s, D, AD
5,2,1,1.
6,2,2,1.2
7,2,2,1.33333
7,3,2,1.33333
8,2,2,1.42857
8,3,2,1.42857
9,2,2,1.5
9,3,2,1.5
9,4,2,1.5
10,4,2,1.55556
11,3,2,1.6
11,4,2,1.6
13,5,2,1.66667
14,4,3,1.76923
15,4,3,1.85714
15,6,3,1.85714
16,6,3,1.93333
17,4,3,2.
17,5,3,2.
17,7,3,2.
18,4,3,2.05882
18,5,3,2.05882
18,7,3,2.05882
19,4,3,2.11111
19,5,3,2.11111
19,7,3,2.11111
19,8,3,2.11111
20,8,3,2.15789
21,6,3,2.2
21,8,3,2.2
22,6,3,2.2381
23,5,3,2.27273
23,9,3,2.27273
25,7,3,2.33333
26,10,4,2.4
27,6,4,2.46154
28,6,4,2.51852
28,8,4,2.51852
29,8,4,2.57143
29,11,4,2.57143
29,12,4,2.57143
31,7,4,2.66667
31,9,4,2.66667
31,12,4,2.66667
31,13,4,2.66667
32,7,4,2.70968
32,9,4,2.70968
32,12,4,2.70968
33,6,4,2.75
33,7,4,2.75
33,9,4,2.75
33,14,4,2.75
34,6,4,2.78788
35,10,4,2.82353
36,8,4,2.85714
36,10,4,2.85714
37,8,4,2.88889
37,14,4,2.88889
38,16,4,2.91892
39,7,4,2.94737
39,11,4,2.94737
41,9,4,3.
42,16,5,3.04878
43,12,5,3.09524
43,18,5,3.09524
44,8,5,3.13953
45,8,5,3.18182
45,10,5,3.18182
45,17,5,3.18182
45,19,5,3.18182
46,10,5,3.22222
47,13,5,3.26087
47,18,5,3.26087
48,20,5,3.29787
49,9,5,3.33333
49,11,5,3.33333
50,9,5,3.36735
50,11,5,3.36735
50,14,5,3.36735
50,19,5,3.36735
50,21,5,3.36735
51,9,5,3.4
51,11,5,3.4
51,14,5,3.4
52,8,5,3.43137
52,22,5,3.43137
53,8,5,3.46154
53,20,5,3.46154
54,12,5,3.49057
55,10,5,3.51852
55,12,5,3.51852
55,21,5,3.51852
55,23,5,3.51852
56,10,5,3.54545
57,24,5,3.57143
58,22,5,3.59649
59,9,5,3.62069
59,13,5,3.62069
61,11,5,3.66667
62,26,6,3.70492
63,24,6,3.74194
64,14,6,3.77778
65,10,6,3.8125
65,18,6,3.8125
66,10,6,3.84615
66,12,6,3.84615
67,12,6,3.87879
67,28,6,3.87879
68,26,6,3.91045
69,15,6,3.94118
69,19,6,3.94118
69,29,6,3.94118
71,11,6,4.
71,13,6,4.
71,21,6,4.
71,27,6,4.
72,11,6,4.02817
72,13,6,4.02817
72,30,6,4.02817
73,11,6,4.05556
73,13,6,4.05556
73,16,6,4.05556
73,20,6,4.05556
73,28,6,4.05556
73,32,6,4.05556
74,22,6,4.08219
75,10,6,4.10811
75,33,6,4.10811
76,10,6,4.13333
77,14,6,4.15789
78,12,6,4.18182
78,14,6,4.18182
79,12,6,4.20513
79,33,6,4.20513
80,22,6,4.22785
81,24,6,4.25
82,36,6,4.2716
83,11,6,4.29268
83,15,6,4.29268
85,13,6,4.33333
86,36,7,4.36471
87,24,7,4.39535
88,26,7,4.42529
89,16,7,4.45455
89,34,7,4.45455
89,39,7,4.45455
90,12,7,4.48315
91,12,7,4.51111
91,14,7,4.51111
91,25,7,4.51111
91,27,7,4.51111
91,38,7,4.51111
91,40,7,4.51111
92,14,7,4.53846
93,39,7,4.56522
94,26,7,4.5914
94,36,7,4.5914
95,17,7,4.61702
95,28,7,4.61702
96,42,7,4.64211
97,13,7,4.66667
97,15,7,4.66667
98,13,7,4.69072
98,15,7,4.69072
98,27,7,4.69072
98,29,7,4.69072
98,36,7,4.69072
98,41,7,4.69072
98,43,7,4.69072
99,13,7,4.71429
99,15,7,4.71429
99,38,7,4.71429
100,18,7,4.73737
100,44,7,4.73737
101,30,7,4.76
101,37,7,4.76
102,12,7,4.78218
102,28,7,4.78218
103,12,7,4.80392
103,43,7,4.80392
104,16,7,4.82524
105,14,7,4.84615
105,16,7,4.84615
105,29,7,4.84615
105,31,7,4.84615
105,44,7,4.84615
105,46,7,4.84615
106,14,7,4.86667
107,41,7,4.88679
107,47,7,4.88679
108,32,7,4.90654
109,30,7,4.92593
109,40,7,4.92593
110,46,7,4.94495
111,13,7,4.96364
111,17,7,4.96364
113,15,7,5.
114,50,8,5.02655
115,34,8,5.05263
115,44,8,5.05263
116,32,8,5.07826
117,43,8,5.10345
117,49,8,5.10345
118,18,8,5.12821
119,14,8,5.15254
120,14,8,5.17647
120,16,8,5.17647
120,44,8,5.17647
120,46,8,5.17647
121,16,8,5.2
121,53,8,5.2
122,36,8,5.22314
123,34,8,5.2459
123,47,8,5.2459
123,54,8,5.2459
124,52,8,5.26829
125,19,8,5.29032
125,27,8,5.29032
125,37,8,5.29032
125,46,8,5.29032
127,15,8,5.33333
127,17,8,5.33333
127,29,8,5.33333
127,35,8,5.33333
128,15,8,5.35433
128,17,8,5.35433
128,47,8,5.35433
128,49,8,5.35433
128,56,8,5.35433
129,15,8,5.375
129,17,8,5.375
129,38,8,5.375
129,54,8,5.375
130,28,8,5.39535
131,20,8,5.41538
131,30,8,5.41538
131,48,8,5.41538
131,59,8,5.41538
133,14,8,5.45455
133,51,8,5.45455
133,60,8,5.45455
134,14,8,5.47368
135,18,8,5.49254
136,16,8,5.51111
136,18,8,5.51111
136,50,8,5.51111
136,52,8,5.51111
137,16,8,5.52941
137,60,8,5.52941
139,30,8,5.56522
139,51,8,5.56522
140,32,8,5.58273
141,54,8,5.6
142,64,8,5.61702
143,15,8,5.6338
143,19,8,5.6338
145,17,8,5.66667
146,64,9,5.68966
147,54,9,5.71233
148,32,9,5.73469
149,34,9,5.75676
149,44,9,5.75676
149,57,9,5.75676
151,20,9,5.8
151,68,9,5.8
152,16,9,5.82119
153,16,9,5.84211
153,18,9,5.84211
153,33,9,5.84211
153,35,9,5.84211
153,67,9,5.84211
153,69,9,5.84211
154,18,9,5.86275
155,57,9,5.88312
155,68,9,5.88312
156,46,9,5.90323
157,34,9,5.92308
157,60,9,5.92308
158,36,9,5.94268
158,58,9,5.94268
159,21,9,5.96203
160,72,9,5.98113
161,17,9,6.
161,19,9,6.
162,17,9,6.01863
162,19,9,6.01863
162,35,9,6.01863
162,37,9,6.01863
162,62,9,6.01863
162,71,9,6.01863
162,73,9,6.01863
163,17,9,6.03704
163,19,9,6.03704
163,48,9,6.03704
163,60,9,6.03704
164,50,9,6.05521
164,74,9,6.05521
166,22,9,6.09091
166,38,9,6.09091
167,36,9,6.10843
167,51,9,6.10843
168,16,9,6.12575
169,16,9,6.14286
169,74,9,6.14286
170,20,9,6.15976
171,18,9,6.17647
171,20,9,6.17647
171,37,9,6.17647
171,39,9,6.17647
171,75,9,6.17647
171,77,9,6.17647
172,18,9,6.19298
173,51,9,6.2093
173,78,9,6.2093
175,40,9,6.24138
176,38,9,6.25714
177,54,9,6.27273
178,78,9,6.28814
179,17,9,6.30337
179,21,9,6.30337
181,19,9,6.33333
182,82,10,6.35359
183,54,10,6.37363
184,42,10,6.39344
185,40,10,6.41304
185,68,10,6.41304
187,57,10,6.45161
187,82,10,6.45161
188,22,10,6.47059
189,18,10,6.48936
190,18,10,6.50794
190,20,10,6.50794
190,56,10,6.50794
190,58,10,6.50794
191,20,10,6.52632
191,86,10,6.52632
193,44,10,6.5625
193,57,10,6.5625
193,71,10,6.5625
193,87,10,6.5625
194,42,10,6.58031
195,54,10,6.59794
196,86,10,6.61538
197,23,10,6.63265
197,35,10,6.63265
197,45,10,6.63265
197,60,10,6.63265
199,19,10,6.66667
199,21,10,6.66667
199,37,10,6.66667
199,43,10,6.66667
200,19,10,6.68342
200,21,10,6.68342
200,59,10,6.68342
200,61,10,6.68342
200,90,10,6.68342
201,19,10,6.7
201,21,10,6.7
201,54,10,6.7
201,74,10,6.7
202,56,10,6.71642
203,36,10,6.73267
203,62,10,6.73267
203,73,10,6.73267
203,89,10,6.73267
204,38,10,6.74877
205,24,10,6.76471
205,55,10,6.76471
205,94,10,6.76471
206,74,10,6.78049
207,18,10,6.79612
207,61,10,6.79612
207,95,10,6.79612
208,18,10,6.81159
209,22,10,6.82692
210,20,10,6.84211
210,22,10,6.84211
210,62,10,6.84211
210,64,10,6.84211
211,20,10,6.85714
211,95,10,6.85714
212,78,10,6.87204
213,59,10,6.88679
213,65,10,6.88679
214,38,10,6.90141
215,40,10,6.91589
216,58,10,6.93023
217,64,10,6.94444
217,78,10,6.94444
218,100,10,6.95853
219,19,10,6.97248
219,23,10,6.97248
221,21,10,7.
222,100,11,7.0181
223,68,11,7.03604
223,82,11,7.03604
224,62,11,7.05381
225,40,11,7.07143
226,42,11,7.08889
227,61,11,7.10619
227,67,11,7.10619
228,82,11,7.12335
229,24,11,7.14035
229,105,11,7.14035
230,20,11,7.15721
231,20,11,7.17391
231,22,11,7.17391
231,41,11,7.17391
231,43,11,7.17391
231,62,11,7.17391
231,64,11,7.17391
231,83,11,7.17391
231,85,11,7.17391
231,104,11,7.17391
231,106,11,7.17391
232,22,11,7.19048
233,71,11,7.2069
233,105,11,7.2069
234,86,11,7.22318
235,65,11,7.23932
236,42,11,7.25532
236,72,11,7.25532
237,44,11,7.27119
237,70,11,7.27119
238,64,11,7.28692
238,100,11,7.28692
239,25,11,7.30252
239,86,11,7.30252
240,110,11,7.31799
241,21,11,7.33333
241,23,11,7.33333
242,21,11,7.34855
242,23,11,7.34855
242,43,11,7.34855
242,45,11,7.34855
242,65,11,7.34855
242,67,11,7.34855
242,87,11,7.34855
242,89,11,7.34855
242,100,11,7.34855
242,109,11,7.34855
242,111,11,7.34855
243,21,11,7.36364
243,23,11,7.36364
243,74,11,7.36364
244,72,11,7.3786
244,112,11,7.3786
245,88,11,7.39344
245,103,11,7.39344
246,66,11,7.40816
247,46,11,7.42276
247,102,11,7.42276
248,26,11,7.43725
248,44,11,7.43725
249,69,11,7.45161
250,20,11,7.46586
250,92,11,7.46586
251,20,11,7.48
251,113,11,7.48
252,24,11,7.49402
253,22,11,7.50794
253,24,11,7.50794
253,45,11,7.50794
253,47,11,7.50794
253,68,11,7.50794
253,70,11,7.50794
253,91,11,7.50794
253,93,11,7.50794
253,114,11,7.50794
253,116,11,7.50794
254,22,11,7.52174
255,117,11,7.53543
256,92,11,7.54902
257,69,11,7.5625
257,108,11,7.5625
258,48,11,7.57588
259,46,11,7.58915
259,107,11,7.58915
260,72,11,7.60232
261,96,11,7.61538
262,118,11,7.62835
263,21,11,7.64122
263,25,11,7.64122
265,23,11,7.66667
266,122,12,7.68302
267,96,12,7.69925
268,72,12,7.71536
269,50,12,7.73134
269,82,12,7.73134
269,113,12,7.73134
270,48,12,7.74721
271,75,12,7.76296
271,112,12,7.76296
272,100,12,7.7786
273,123,12,7.79412
274,26,12,7.80952
275,22,12,7.82482
276,22,12,7.84
276,24,12,7.84
276,114,12,7.84
276,116,12,7.84
277,24,12,7.85507
277,127,12,7.85507
278,100,12,7.87004
279,75,12,7.88489
279,85,12,7.88489
279,128,12,7.88489
280,52,12,7.89964
281,50,12,7.91429
281,64,12,7.91429
281,101,12,7.91429
281,118,12,7.91429
282,78,12,7.92883
283,76,12,7.94326
283,104,12,7.94326
283,108,12,7.94326
283,117,12,7.94326
284,128,12,7.9576
285,27,12,7.97183
285,43,12,7.97183
285,53,12,7.97183
287,23,12,8.
287,25,12,8.
287,45,12,8.
287,51,12,8.
288,23,12,8.01394
288,25,12,8.01394
288,119,12,8.01394
288,121,12,8.01394
288,132,12,8.01394
289,23,12,8.02778
289,25,12,8.02778
289,80,12,8.02778
289,88,12,8.02778
289,104,12,8.02778
289,112,12,8.02778
290,66,12,8.04152
291,68,12,8.05517
291,107,12,8.05517
291,111,12,8.05517
292,44,12,8.06873
293,46,12,8.08219
293,91,12,8.08219
293,121,12,8.08219
293,132,12,8.08219
294,114,12,8.09556
295,28,12,8.10884
295,69,12,8.10884
295,124,12,8.10884
295,137,12,8.10884
296,92,12,8.12203
297,22,12,8.13514
297,138,12,8.13514
298,22,12,8.14815
299,26,12,8.16107
300,24,12,8.17391
300,26,12,8.17391
300,124,12,8.17391
300,126,12,8.17391
301,24,12,8.18667
301,138,12,8.18667
302,92,12,8.19934
303,69,12,8.21192
304,116,12,8.22442
305,46,12,8.23684
305,126,12,8.23684
306,48,12,8.24918
307,119,12,8.26144
307,129,12,8.26144
308,72,12,8.27362
309,96,12,8.28571
310,144,12,8.29773
311,23,12,8.30968
311,27,12,8.30968
313,25,12,8.33333
314,144,13,8.34824
315,96,13,8.36306
316,72,13,8.37778
317,114,13,8.39241
317,121,13,8.39241
317,131,13,8.39241
318,48,13,8.40694
319,50,13,8.42138
319,134,13,8.42138
320,124,13,8.43574
321,75,13,8.45
322,100,13,8.46417
323,28,13,8.47826
323,150,13,8.47826
324,24,13,8.49226
325,24,13,8.50617
325,26,13,8.50617
325,49,13,8.50617
325,51,13,8.50617
325,74,13,8.50617
325,76,13,8.50617
325,99,13,8.50617
325,101,13,8.50617
325,124,13,8.50617
325,126,13,8.50617
325,149,13,8.50617
325,151,13,8.50617
326,26,13,8.52
327,150,13,8.53374
328,100,13,8.5474
328,118,13,8.5474
329,75,13,8.56098
329,136,13,8.56098
330,126,13,8.57447
331,50,13,8.58788
331,139,13,8.58788
332,52,13,8.60121
332,72,13,8.60121
333,129,13,8.61446
334,78,13,8.62763
334,138,13,8.62763
335,29,13,8.64072
335,104,13,8.64072
336,156,13,8.65373
337,25,13,8.66667
337,27,13,8.66667
338,25,13,8.67953
338,27,13,8.67953
338,51,13,8.67953
338,53,13,8.67953
338,77,13,8.67953
338,79,13,8.67953
338,103,13,8.67953
338,105,13,8.67953
338,129,13,8.67953
338,131,13,8.67953
338,142,13,8.67953
338,155,13,8.67953
338,157,13,8.67953
339,25,13,8.69231
339,27,13,8.69231
339,122,13,8.69231
340,72,13,8.70501
340,158,13,8.70501
341,74,13,8.71765
341,106,13,8.71765
342,80,13,8.73021
343,133,13,8.74269
344,54,13,8.7551
344,122,13,8.7551
345,52,13,8.76744
345,73,13,8.76744
346,30,13,8.77971
346,132,13,8.77971
347,79,13,8.79191
347,123,13,8.79191
348,24,13,8.80403
348,106,13,8.80403
349,24,13,8.81609
349,160,13,8.81609
350,28,13,8.82808
351,26,13,8.84
351,28,13,8.84
351,53,13,8.84
351,55,13,8.84
351,80,13,8.84
351,82,13,8.84
351,107,13,8.84
351,109,13,8.84
351,134,13,8.84
351,136,13,8.84
351,161,13,8.84
351,163,13,8.84
352,26,13,8.85185
353,127,13,8.86364
353,164,13,8.86364
354,110,13,8.87535
355,77,13,8.88701
355,83,13,8.88701
356,138,13,8.89859
357,56,13,8.91011
358,54,13,8.92157
359,76,13,8.93296
359,137,13,8.93296
360,82,13,8.94429
361,110,13,8.95556
361,128,13,8.95556
362,166,13,8.96676
363,25,13,8.9779
363,29,13,8.9779
365,27,13,9.
366,170,14,9.0137
367,114,14,9.02732
367,132,14,9.02732
368,86,14,9.04087
369,80,14,9.05435
369,143,14,9.05435
370,58,14,9.06775
371,56,14,9.08108
372,142,14,9.09434
373,79,14,9.10753
373,85,14,9.10753
374,114,14,9.12064
375,133,14,9.13369
375,172,14,9.13369
376,30,14,9.14667
377,26,14,9.15957
378,26,14,9.17241
378,28,14,9.17241
378,80,14,9.17241
378,82,14,9.17241
378,134,14,9.17241
378,136,14,9.17241
379,28,14,9.18519
379,176,14,9.18519
380,118,14,9.19789
381,89,14,9.21053
381,137,14,9.21053
381,177,14,9.21053
382,148,14,9.2231
383,60,14,9.2356
383,83,14,9.2356
383,103,14,9.2356
383,119,14,9.2356
384,58,14,9.24804
385,90,14,9.26042
385,147,14,9.26042
386,88,14,9.27273
387,82,14,9.28497
387,118,14,9.28497
387,150,14,9.28497
388,178,14,9.29716
389,31,14,9.30928
389,51,14,9.30928
389,61,14,9.30928
389,138,14,9.30928
391,27,14,9.33333
391,29,14,9.33333
391,53,14,9.33333
391,59,14,9.33333
392,27,14,9.34527
392,29,14,9.34527
392,83,14,9.34527
392,85,14,9.34527
392,139,14,9.34527
392,141,14,9.34527
392,182,14,9.34527
393,27,14,9.35714
393,29,14,9.35714
393,122,14,9.35714
393,150,14,9.35714
394,106,14,9.36896
395,90,14,9.38071
395,140,14,9.38071
397,52,14,9.40404
397,84,14,9.40404
397,105,14,9.40404
397,121,14,9.40404
398,54,14,9.41562
399,183,14,9.42714
401,32,14,9.45
401,87,14,9.45
401,106,14,9.45
401,188,14,9.45
403,26,14,9.47264
403,145,14,9.47264
403,189,14,9.47264
404,26,14,9.48387
405,30,14,9.49505
406,28,14,9.50617
406,30,14,9.50617
406,86,14,9.50617
406,88,14,9.50617
406,144,14,9.50617
406,146,14,9.50617
407,28,14,9.51724
407,189,14,9.51724
409,110,14,9.53922
409,145,14,9.53922
411,87,14,9.56098
412,54,14,9.57178
413,56,14,9.58252
415,90,14,9.60386
416,110,14,9.61446
417,150,14,9.625
418,196,14,9.63549
419,27,14,9.64593
419,31,14,9.64593
421,29,14,9.66667
422,196,15,9.67933
423,150,15,9.69194
424,114,15,9.70449
425,90,15,9.71698
425,132,15,9.71698
427,56,15,9.74178
428,58,15,9.7541
429,93,15,9.76636
431,114,15,9.7907
431,155,15,9.7907
433,32,15,9.81481
433,203,15,9.81481
434,28,15,9.82679
435,28,15,9.83871
435,30,15,9.83871
435,57,15,9.83871
435,59,15,9.83871
435,115,15,9.83871
435,117,15,9.83871
435,202,15,9.83871
435,204,15,9.83871
436,30,15,9.85057
437,155,15,9.86239
437,203,15,9.86239
438,136,15,9.87414
439,93,15,9.88584
439,118,15,9.88584
440,156,15,9.89749
442,58,15,9.92063
442,82,15,9.92063
443,60,15,9.93213
443,96,15,9.93213
444,94,15,9.94357
445,160,15,9.95495
446,118,15,9.96629
446,196,15,9.96629
447,33,15,9.97758
448,210,15,9.98881
449,29,15,10.
449,31,15,10.
450,29,15,10.0111
450,31,15,10.0111
450,59,15,10.0111
450,61,15,10.0111
450,119,15,10.0111
450,121,15,10.0111
450,196,15,10.0111
450,209,15,10.0111
450,211,15,10.0111
451,29,15,10.0222
451,31,15,10.0222
451,140,15,10.0222
451,160,15,10.0222
452,98,15,10.0333
452,212,15,10.0333
453,84,15,10.0442
454,86,15,10.0552
454,120,15,10.0552
455,200,15,10.0661
456,164,15,10.0769
457,62,15,10.0877
457,199,15,10.0877
458,60,15,10.0985
458,144,15,10.0985
459,87,15,10.1092
460,34,15,10.1198
461,124,15,10.1304
461,145,15,10.1304
462,28,15,10.141
463,28,15,10.1515
463,215,15,10.1515
464,32,15,10.162
465,30,15,10.1724
465,32,15,10.1724
465,61,15,10.1724
465,63,15,10.1724
465,123,15,10.1724
465,125,15,10.1724
465,216,15,10.1724
465,218,15,10.1724
466,30,15,10.1828
467,145,15,10.1931
467,219,15,10.1931
469,87,15,10.2137
469,124,15,10.2137
471,207,15,10.234
472,64,15,10.2442
473,62,15,10.2542
473,206,15,10.2542
475,90,15,10.2743
476,128,15,10.2842
477,150,15,10.2941
478,222,15,10.304
479,29,15,10.3138
479,33,15,10.3138
481,31,15,10.3333
482,226,16,10.3451
483,150,16,10.3568
484,128,16,10.3685
485,90,16,10.3802
485,172,16,10.3802
487,66,16,10.4033
487,214,16,10.4033
488,64,16,10.4148
489,213,16,10.4262
491,93,16,10.449
491,132,16,10.449
493,155,16,10.4715
493,229,16,10.4715
494,34,16,10.4828
495,30,16,10.4939
496,30,16,10.5051
496,32,16,10.5051
496,92,16,10.5051
496,94,16,10.5051
496,154,16,10.5051
496,156,16,10.5051
496,216,16,10.5051
496,218,16,10.5051
497,32,16,10.5161
497,233,16,10.5161
499,132,16,10.5382
499,155,16,10.5382
499,177,16,10.5382
499,234,16,10.5382
501,93,16,10.56
501,117,16,10.56
502,68,16,10.5709
503,66,16,10.5817
503,133,16,10.5817
503,208,16,10.5817
503,221,16,10.5817
505,90,16,10.6032
505,220,16,10.6032
506,136,16,10.6139
507,96,16,10.6245
507,150,16,10.6245
508,236,16,10.6351
509,35,16,10.6457
509,59,16,10.6457
509,69,16,10.6457
509,160,16,10.6457
511,31,16,10.6667
511,33,16,10.6667
511,61,16,10.6667
511,67,16,10.6667
512,31,16,10.6771
512,33,16,10.6771
512,95,16,10.6771
512,97,16,10.6771
512,159,16,10.6771
512,161,16,10.6771
512,223,16,10.6771
512,225,16,10.6771
512,240,16,10.6771
513,31,16,10.6875
513,33,16,10.6875
513,150,16,10.6875
513,182,16,10.6875
514,120,16,10.6979
515,90,16,10.7082
515,162,16,10.7082
515,213,16,10.7082
516,92,16,10.7184
517,98,16,10.7287
517,139,16,10.7287
517,153,16,10.7287
517,212,16,10.7287
518,60,16,10.7389
519,62,16,10.749
519,123,16,10.749
519,226,16,10.749
520,152,16,10.7592
521,91,16,10.7692
521,183,16,10.7692
521,229,16,10.7692
521,242,16,10.7692
522,214,16,10.7793
523,36,16,10.7893
523,97,16,10.7893
523,124,16,10.7893
523,247,16,10.7893
524,184,16,10.7992
525,30,16,10.8092
525,163,16,10.8092
525,248,16,10.8092
526,30,16,10.819
527,34,16,10.8289
528,32,16,10.8387
528,34,16,10.8387
528,98,16,10.8387
528,100,16,10.8387
528,164,16,10.8387
528,166,16,10.8387
528,230,16,10.8387
528,232,16,10.8387
529,32,16,10.8485
529,248,16,10.8485
530,188,16,10.8582
531,124,16,10.8679
531,167,16,10.8679
532,220,16,10.8776
533,95,16,10.8872
533,101,16,10.8872
534,158,16,10.8968
535,62,16,10.9064
535,233,16,10.9064
536,64,16,10.9159
537,157,16,10.9254
537,236,16,10.9254
538,94,16,10.9348
539,100,16,10.9442
539,221,16,10.9442
540,128,16,10.9536
541,168,16,10.963
541,190,16,10.963
542,256,16,10.9723
543,31,16,10.9815
543,35,16,10.9815
545,33,16,11.
546,256,17,11.011
547,172,17,11.022
547,194,17,11.022
548,128,17,11.0329
549,104,17,11.0438
549,227,17,11.0438
550,98,17,11.0546
551,163,17,11.0655
551,240,17,11.0655
552,64,17,11.0762
553,66,17,11.087
553,243,17,11.087
554,162,17,11.0976
555,97,17,11.1083
555,103,17,11.1083
556,228,17,11.1189
557,132,17,11.1295
557,173,17,11.1295
558,196,17,11.14
559,36,17,11.1505
559,264,17,11.1505
560,32,17,11.161
561,32,17,11.1714
561,34,17,11.1714
561,65,17,11.1714
561,67,17,11.1714
561,98,17,11.1714
561,100,17,11.1714
561,131,17,11.1714
561,133,17,11.1714
561,164,17,11.1714
561,166,17,11.1714
561,197,17,11.1714
561,199,17,11.1714
561,230,17,11.1714
561,232,17,11.1714
561,263,17,11.1714
561,265,17,11.1714
562,34,17,11.1818
563,177,17,11.1922
563,264,17,11.1922
564,200,17,11.2025
565,107,17,11.2128
565,132,17,11.2128
566,178,17,11.223
566,234,17,11.223
567,101,17,11.2332
567,247,17,11.2332
568,168,17,11.2434
568,220,17,11.2434
569,66,17,11.2535
569,250,17,11.2535
570,68,17,11.2636
570,108,17,11.2636
571,106,17,11.2737
571,167,17,11.2737
572,100,17,11.2837
572,158,17,11.2837
573,178,17,11.2937
573,235,17,11.2937
574,136,17,11.3037
574,250,17,11.3037
575,37,17,11.3136
575,202,17,11.3136
576,272,17,11.3235
577,33,17,11.3333
577,35,17,11.3333
578,33,17,11.3432
578,35,17,11.3432
578,67,17,11.3432
578,69,17,11.3432
578,101,17,11.3432
578,103,17,11.3432
578,135,17,11.3432
578,137,17,11.3432
578,169,17,11.3432
578,171,17,11.3432
578,203,17,11.3432
578,205,17,11.3432
578,237,17,11.3432
578,239,17,11.3432
578,254,17,11.3432
578,271,17,11.3432
578,273,17,11.3432
579,33,17,11.3529
579,35,17,11.3529
579,182,17,11.3529
580,162,17,11.3627
580,274,17,11.3627
581,204,17,11.3724
581,225,17,11.3724
582,108,17,11.3821
582,138,17,11.3821
583,161,17,11.3918
583,239,17,11.3918
584,102,17,11.4014
584,228,17,11.4014
585,171,17,11.411
586,70,17,11.4205
586,182,17,11.4205
587,68,17,11.43
587,164,17,11.43
588,174,17,11.4395
589,105,17,11.449
589,230,17,11.449
590,38,17,11.4584
590,244,17,11.4584
591,138,17,11.4678
592,32,17,11.4772
592,210,17,11.4772
593,32,17,11.4865
593,278,17,11.4865
594,36,17,11.4958
595,34,17,11.5051
595,36,17,11.5051
595,69,17,11.5051
595,71,17,11.5051
595,104,17,11.5051
595,106,17,11.5051
595,139,17,11.5051
595,141,17,11.5051
595,174,17,11.5051
595,176,17,11.5051
595,209,17,11.5051
595,211,17,11.5051
595,244,17,11.5051
595,246,17,11.5051
595,279,17,11.5051
595,281,17,11.5051
596,34,17,11.5143
597,282,17,11.5235
598,210,17,11.5327
599,142,17,11.5418
599,232,17,11.5418
600,246,17,11.5509
601,105,17,11.56
601,166,17,11.56
602,176,17,11.5691
603,72,17,11.5781
604,70,17,11.5871
605,169,17,11.596
605,179,17,11.596
606,108,17,11.605
607,237,17,11.6139
607,251,17,11.6139
608,142,17,11.6227
609,216,17,11.6316
610,286,17,11.6404
611,33,17,11.6492
611,37,17,11.6492
613,35,17,11.6667
614,290,18,11.677
615,216,18,11.6873
616,146,18,11.6976
617,194,18,11.7078
617,239,18,11.7078
617,253,18,11.7078
618,108,18,11.718
619,171,18,11.7282
619,181,18,11.7282
620,74,18,11.7383
621,72,18,11.7484
622,184,18,11.7585
623,111,18,11.7685
623,174,18,11.7685
624,258,18,11.7785
625,146,18,11.7885
625,244,18,11.7885
626,222,18,11.7984
627,294,18,11.8083
628,38,18,11.8182
629,34,18,11.828
630,34,18,11.8378
630,36,18,11.8378
630,174,18,11.8378
630,176,18,11.8378
630,244,18,11.8378
630,246,18,11.8378
631,36,18,11.8476
631,298,18,11.8476
632,222,18,11.8574
633,150,18,11.8671
633,199,18,11.8671
633,299,18,11.8671
634,260,18,11.8768
635,111,18,11.8864
635,168,18,11.8864
635,223,18,11.8864
635,246,18,11.8864
636,186,18,11.8961
637,76,18,11.9057
637,135,18,11.9057
637,151,18,11.9057
637,176,18,11.9057
638,74,18,11.9152
639,100,18,11.9248
639,189,18,11.9248
639,262,18,11.9248
640,114,18,11.9343
641,112,18,11.9438
641,179,18,11.9438
641,265,18,11.9438
641,269,18,11.9438
642,150,18,11.9532
643,188,18,11.9626
643,228,18,11.9626
643,236,18,11.9626
643,251,18,11.9626
644,302,18,11.972
645,39,18,11.9814
645,67,18,11.9814
645,77,18,11.9814
647,35,18,12.
647,37,18,12.
647,69,18,12.
647,75,18,12.
648,35,18,12.0093
648,37,18,12.0093
648,179,18,12.0093
648,181,18,12.0093
648,251,18,12.0093
648,253,18,12.0093
648,306,18,12.0093
649,35,18,12.0185
649,37,18,12.0185
649,192,18,12.0185
649,204,18,12.0185
649,228,18,12.0185
649,240,18,12.0185
650,172,18,12.0277
651,116,18,12.0369
651,138,18,12.0369
651,275,18,12.0369
652,102,18,12.0461
653,104,18,12.0552
653,255,18,12.0552
653,270,18,12.0552
653,274,18,12.0552
654,240,18,12.0643
655,68,18,12.0734
655,137,18,12.0734
655,153,18,12.0734
655,183,18,12.0734
656,70,18,12.0824
657,172,18,12.0915
657,233,18,12.0915
657,243,18,12.0915
658,278,18,12.1005
659,105,18,12.1094
659,182,18,12.1094
659,209,18,12.1094
659,309,18,12.1094
660,138,18,12.1184
661,40,18,12.1273
661,173,18,12.1273
661,256,18,12.1273
661,314,18,12.1273
662,210,18,12.1362
663,34,18,12.145
663,315,18,12.145
664,34,18,12.1538
665,38,18,12.1627
666,36,18,12.1714
666,38,18,12.1714
666,184,18,12.1714
666,186,18,12.1714
666,258,18,12.1714
666,260,18,12.1714
667,36,18,12.1802
667,315,18,12.1802
668,210,18,12.1889
669,177,18,12.1976
670,142,18,12.2063
671,105,18,12.2149
671,262,18,12.2149
672,282,18,12.2235
673,188,18,12.2321
673,247,18,12.2321
674,70,18,12.2407
675,72,18,12.2493
676,250,18,12.2578
677,187,18,12.2663
677,286,18,12.2663
678,108,18,12.2747
679,142,18,12.2832
679,263,18,12.2832
680,178,18,12.2916
681,216,18,12.3
682,324,18,12.3084
683,35,18,12.3167
683,39,18,12.3167
685,37,18,12.3333
686,324,19,12.3431
687,216,19,12.3528
688,182,19,12.3624
689,146,19,12.3721
689,242,19,12.3721
689,269,19,12.3721
690,108,19,12.3817
691,193,19,12.3913
691,290,19,12.3913
692,254,19,12.4009
693,72,19,12.4104
694,74,19,12.4199
695,192,19,12.4294
695,257,19,12.4294
696,294,19,12.4388
697,111,19,12.4483
697,270,19,12.4483
698,146,19,12.4577
699,183,19,12.467
700,222,19,12.4764
701,40,19,12.4857
701,333,19,12.4857
702,36,19,12.495
703,36,19,12.5043
703,38,19,12.5043
703,73,19,12.5043
703,75,19,12.5043
703,110,19,12.5043
703,112,19,12.5043
703,147,19,12.5043
703,149,19,12.5043
703,184,19,12.5043
703,186,19,12.5043
703,221,19,12.5043
703,223,19,12.5043
703,258,19,12.5043
703,260,19,12.5043
703,295,19,12.5043
703,297,19,12.5043
703,332,19,12.5043
703,334,19,12.5043
704,38,19,12.5135
705,333,19,12.5227
706,222,19,12.5319
706,248,19,12.5319
707,187,19,12.5411
707,276,19,12.5411
708,150,19,12.5502
709,111,19,12.5593
709,198,19,12.5593
710,298,19,12.5684
711,261,19,12.5775
712,74,19,12.5865
712,278,19,12.5865
713,76,19,12.5955
713,197,19,12.5955
714,108,19,12.6045
714,264,19,12.6045
715,277,19,12.6134
715,302,19,12.6134
716,114,19,12.6224
716,200,19,12.6224
717,150,19,12.6313
718,188,19,12.6402
718,324,19,12.6402
719,41,19,12.649
719,228,19,12.649
720,342,19,12.6579
721,37,19,12.6667
721,39,19,12.6667
722,37,19,12.6755
722,39,19,12.6755
722,75,19,12.6755
722,77,19,12.6755
722,113,19,12.6755
722,115,19,12.6755
722,151,19,12.6755
722,153,19,12.6755
722,189,19,12.6755
722,191,19,12.6755
722,227,19,12.6755
722,229,19,12.6755
722,265,19,12.6755
722,267,19,12.6755
722,303,19,12.6755
722,305,19,12.6755
722,324,19,12.6755
722,341,19,12.6755
722,343,19,12.6755
723,37,19,12.6842
723,39,19,12.6842
723,254,19,12.6842
724,200,19,12.6929
724,344,19,12.6929
725,230,19,12.7017
726,108,19,12.7103
726,190,19,12.7103
727,110,19,12.719
727,152,19,12.719
728,116,19,12.7276
728,282,19,12.7276
729,308,19,12.7363
729,329,19,12.7363
730,270,19,12.7449
731,78,19,12.7534
731,328,19,12.7534
732,76,19,12.762
733,109,19,12.7705
733,269,19,12.7705
734,256,19,12.779
734,308,19,12.779
735,115,19,12.7875
736,42,19,12.7959
736,156,19,12.7959
737,195,19,12.8043
737,257,19,12.8043
738,36,19,12.8128
738,232,19,12.8128
739,36,19,12.8211
739,349,19,12.8211
740,40,19,12.8295
741,38,19,12.8378
741,40,19,12.8378
741,77,19,12.8378
741,79,19,12.8378
741,116,19,12.8378
741,118,19,12.8378
741,155,19,12.8378
741,157,19,12.8378
741,194,19,12.8378
741,196,19,12.8378
741,233,19,12.8378
741,235,19,12.8378
741,272,19,12.8378
741,274,19,12.8378
741,311,19,12.8378
741,313,19,12.8378
741,350,19,12.8378
741,352,19,12.8378
742,38,19,12.8462
743,261,19,12.8544
743,353,19,12.8544
744,236,19,12.8627
745,195,19,12.871
746,156,19,12.8792
747,113,19,12.8874
747,119,19,12.8874
748,316,19,12.8956
749,277,19,12.9037
749,338,19,12.9037
750,80,19,12.9119
751,78,19,12.92
751,337,19,12.92
752,276,19,12.9281
753,112,19,12.9362
753,316,19,12.9362
754,118,19,12.9442
755,160,19,12.9523
756,200,19,12.9603
757,238,19,12.9683
757,264,19,12.9683
758,358,19,12.9762
759,37,19,12.9842
759,41,19,12.9842
761,39,19,13.
762,362,20,13.0092
763,242,20,13.0184
763,268,20,13.0184
764,200,20,13.0275
765,160,20,13.0366
766,122,20,13.0458
767,116,20,13.0548
767,324,20,13.0548
768,284,20,13.0639
769,82,20,13.0729
769,347,20,13.0729
770,80,20,13.0819
771,283,20,13.0909
771,346,20,13.0909
772,324,20,13.0999
773,115,20,13.1088
773,121,20,13.1088
774,164,20,13.1177
775,205,20,13.1266
776,244,20,13.1355
777,271,20,13.1443
777,367,20,13.1443
778,42,20,13.1532
779,38,20,13.162
780,38,20,13.1707
780,40,20,13.1707
780,116,20,13.1707
780,118,20,13.1707
780,272,20,13.1707
780,274,20,13.1707
780,350,20,13.1707
780,352,20,13.1707
781,40,20,13.1795
781,371,20,13.1795
782,248,20,13.1882
783,205,20,13.1969
783,275,20,13.1969
783,372,20,13.1969
784,164,20,13.2056
785,125,20,13.2143
785,186,20,13.2143
785,249,20,13.2143
786,332,20,13.2229
787,119,20,13.2316
787,149,20,13.2316
787,206,20,13.2316
787,291,20,13.2316
788,84,20,13.2402
789,82,20,13.2487
789,165,20,13.2487
789,356,20,13.2487
790,290,20,13.2573
791,126,20,13.2658
791,332,20,13.2658
791,355,20,13.2658
792,124,20,13.2743
793,118,20,13.2828
793,168,20,13.2828
793,303,20,13.2828
793,335,20,13.2828
794,210,20,13.2913
795,250,20,13.2997
795,294,20,13.2997
796,376,20,13.3082
797,43,20,13.3166
797,75,20,13.3166
797,85,20,13.3166
797,278,20,13.3166
799,39,20,13.3333
799,41,20,13.3333
799,77,20,13.3333
799,83,20,13.3333
800,39,20,13.3417
800,41,20,13.3417
800,119,20,13.3417
800,121,20,13.3417
800,279,20,13.3417
800,281,20,13.3417
800,359,20,13.3417
800,361,20,13.3417
800,380,20,13.3417
801,39,20,13.35
801,41,20,13.35
801,254,20,13.35
801,294,20,13.35
802,190,20,13.3583
803,152,20,13.3666
803,280,20,13.3666
803,305,20,13.3666
803,337,20,13.3666
805,126,20,13.3831
806,308,20,13.3913
807,120,20,13.3995
807,171,20,13.3995
808,76,20,13.4077
809,78,20,13.4158
809,155,20,13.4158
809,214,20,13.4158
809,363,20,13.4158
811,194,20,13.4321
811,255,20,13.4321
811,308,20,13.4321
811,366,20,13.4321
813,123,20,13.4483
813,384,20,13.4483
814,156,20,13.4563
815,44,20,13.4644
815,195,20,13.4644
815,389,20,13.4644
817,38,20,13.4804
817,287,20,13.4804
817,390,20,13.4804
818,38,20,13.4884
819,42,20,13.4963
820,40,20,13.5043
820,42,20,13.5043
820,122,20,13.5043
820,124,20,13.5043
820,286,20,13.5043
820,288,20,13.5043
820,368,20,13.5043
820,370,20,13.5043
821,40,20,13.5122
821,390,20,13.5122
823,195,20,13.528
823,287,20,13.528
824,156,20,13.5358
827,123,20,13.5593
827,316,20,13.5593
829,78,20,13.5749
829,372,20,13.5749
830,80,20,13.5826
831,375,20,13.5904
832,316,20,13.5981
833,126,20,13.6058
835,160,20,13.6211
836,200,20,13.6287
837,294,20,13.6364
838,400,20,13.644
839,39,20,13.6516
839,43,20,13.6516
841,41,20,13.6667
842,400,21,13.6754
843,294,21,13.6841
844,200,21,13.6928
845,160,21,13.7014
845,268,21,13.7014
847,126,21,13.7187
848,324,21,13.7273
849,381,21,13.7358
850,80,21,13.7444
851,82,21,13.7529
851,384,21,13.7529
853,129,21,13.77
853,324,21,13.77
856,164,21,13.7953
857,205,21,13.8037
857,301,21,13.8037
859,44,21,13.8205
859,410,21,13.8205
860,40,21,13.8289
861,40,21,13.8372
861,42,21,13.8372
861,81,21,13.8372
861,83,21,13.8372
861,163,21,13.8372
861,165,21,13.8372
861,204,21,13.8372
861,206,21,13.8372
861,327,21,13.8372
861,329,21,13.8372
861,409,21,13.8372
861,411,21,13.8372
862,42,21,13.8455
863,301,21,13.8538
863,410,21,13.8538
864,274,21,13.8621
865,205,21,13.8704
866,164,21,13.8786
866,302,21,13.8786
867,129,21,13.8868
868,356,21,13.895
869,332,21,13.9032
869,390,21,13.9032
871,82,21,13.9195
871,393,21,13.9195
872,84,21,13.9277
872,118,21,13.9277
873,132,21,13.9358
874,130,21,13.9439
874,332,21,13.9439
876,200,21,13.96
877,168,21,13.968
877,308,21,13.968
878,210,21,13.9761
878,394,21,13.9761
879,45,21,13.9841
880,420,21,13.992
881,41,21,14.
881,43,21,14.
882,41,21,14.0079
882,43,21,14.0079
882,83,21,14.0079
882,85,21,14.0079
882,167,21,14.0079
882,169,21,14.0079
882,209,21,14.0079
882,211,21,14.0079
882,335,21,14.0079
882,337,21,14.0079
882,398,21,14.0079
882,419,21,14.0079
882,421,21,14.0079
883,41,21,14.0159
883,43,21,14.0159
883,280,21,14.0159
883,308,21,14.0159
884,200,21,14.0238
884,422,21,14.0238
885,363,21,14.0317
886,134,21,14.0395
886,212,21,14.0395
887,120,21,14.0474
887,170,21,14.0474
888,122,21,14.0552
889,203,21,14.0631
890,338,21,14.0709
892,86,21,14.0864
892,364,21,14.0864
893,84,21,14.0942
893,202,21,14.0942
894,314,21,14.1019
895,123,21,14.1096
895,342,21,14.1096
896,286,21,14.1173
897,366,21,14.125
898,46,21,14.1327
898,170,21,14.1327
899,213,21,14.1403
899,287,21,14.1403
900,40,21,14.1479
901,40,21,14.1556
901,428,21,14.1556
902,44,21,14.1632
903,42,21,14.1707
903,44,21,14.1707
903,85,21,14.1707
903,87,21,14.1707
903,171,21,14.1707
903,173,21,14.1707
903,214,21,14.1707
903,216,21,14.1707
903,343,21,14.1707
903,345,21,14.1707
903,429,21,14.1707
903,431,21,14.1707
904,42,21,14.1783
905,287,21,14.1858
905,432,21,14.1858
907,217,21,14.2009
907,372,21,14.2009
908,174,21,14.2084
909,123,21,14.2159
911,208,21,14.2308
911,346,21,14.2308
913,88,21,14.2456
914,86,21,14.253
915,207,21,14.2604
916,350,21,14.2678
917,126,21,14.2751
919,174,21,14.2898
919,375,21,14.2898
920,218,21,14.2971
921,294,21,14.3043
922,438,21,14.3116
923,41,21,14.3189
923,45,21,14.3189
925,43,21,14.3333
926,442,22,14.3416
927,294,22,14.3499
928,222,22,14.3581
929,178,22,14.3664
929,324,22,14.3664
929,381,22,14.3664
931,126,22,14.3828
932,354,22,14.391
933,213,22,14.3991
934,90,22,14.4073
935,88,22,14.4154
937,212,22,14.4316
937,358,22,14.4316
939,129,22,14.4478
940,178,22,14.4558
941,223,22,14.4638
941,384,22,14.4638
943,301,22,14.4798
943,448,22,14.4798
944,46,22,14.4878
945,42,22,14.4958
946,42,22,14.5037
946,44,22,14.5037
946,128,22,14.5037
946,130,22,14.5037
946,214,22,14.5037
946,216,22,14.5037
946,300,22,14.5037
946,302,22,14.5037
946,386,22,14.5037
946,388,22,14.5037
947,44,22,14.5116
947,452,22,14.5116
949,227,22,14.5274
949,301,22,14.5274
949,331,22,14.5274
949,453,22,14.5274
950,182,22,14.5353
951,249,22,14.5432
951,390,22,14.5432
953,129,22,14.5588
953,228,22,14.5588
953,362,22,14.5588
953,372,22,14.5588
955,92,22,14.5744
955,167,22,14.5744
955,183,22,14.5744
955,218,22,14.5744
956,90,22,14.5822
957,417,22,14.59
958,366,22,14.5977
959,126,22,14.6054
959,217,22,14.6054
961,132,22,14.6208
961,182,22,14.6208
961,208,22,14.6208
961,365,22,14.6208
962,228,22,14.6285
963,294,22,14.6362
963,393,22,14.6362
964,458,22,14.6438
965,47,22,14.6515
965,83,22,14.6515
965,93,22,14.6515
965,308,22,14.6515
967,43,22,14.6667
967,45,22,14.6667
967,85,22,14.6667
967,91,22,14.6667
968,43,22,14.6743
968,45,22,14.6743
968,131,22,14.6743
968,133,22,14.6743
968,219,22,14.6743
968,221,22,14.6743
968,307,22,14.6743
968,309,22,14.6743
968,395,22,14.6743
968,397,22,14.6743
968,462,22,14.6743
969,43,22,14.6818
969,45,22,14.6818
969,294,22,14.6818
969,338,22,14.6818
970,254,22,14.6894
971,212,22,14.6969
971,310,22,14.6969
971,371,22,14.6969
971,379,22,14.6969
972,170,22,14.7044
973,126,22,14.7119
973,397,22,14.7119
973,424,22,14.7119
974,128,22,14.7194
975,134,22,14.7269
975,211,22,14.7269
975,423,22,14.7269
976,298,22,14.7344
977,84,22,14.7418
977,169,22,14.7418
977,185,22,14.7418
977,221,22,14.7418
978,86,22,14.7492
979,232,22,14.7566
979,297,22,14.7566
979,384,22,14.7566
980,214,22,14.764
981,127,22,14.7714
981,224,22,14.7714
981,255,22,14.7714
982,426,22,14.7788
983,133,22,14.7862
983,170,22,14.7862
983,341,22,14.7862
983,467,22,14.7862
984,386,22,14.7935
985,48,22,14.8008
985,256,22,14.8008
985,404,22,14.8008
985,472,22,14.8008
986,342,22,14.8081
987,42,22,14.8154
987,313,22,14.8154
987,473,22,14.8154
988,42,22,14.8227
989,46,22,14.83
990,44,22,14.8372
990,46,22,14.8372
990,134,22,14.8372
990,136,22,14.8372
990,224,22,14.8372
990,226,22,14.8372
990,314,22,14.8372
990,316,22,14.8372
990,404,22,14.8372
990,406,22,14.8372
991,44,22,14.8444
991,473,22,14.8444
992,346,22,14.8517
993,260,22,14.8589
993,317,22,14.8589
994,388,22,14.8661
995,174,22,14.8732
995,406,22,14.8732
996,434,22,14.8804
997,131,22,14.8876
997,137,22,14.8876
998,216,22,14.8947
999,226,22,14.9018
999,305,22,14.9018
1000,86,22,14.9089
1001,88,22,14.916
1002,304,22,14.9231
1003,219,22,14.9301
1003,229,22,14.9301
1004,130,22,14.9372
1005,136,22,14.9442
1005,436,22,14.9442
1006,174,22,14.9512
1007,395,22,14.9583
1007,413,22,14.9583
1008,262,22,14.9652
1009,320,22,14.9722
1009,350,22,14.9722
1010,484,22,14.9792
1011,43,22,14.9861
1011,47,22,14.9861
1013,45,22,15.
1014,484,23,15.0079
1015,324,23,15.0158
1015,354,23,15.0158
1016,266,23,15.0236
1017,397,23,15.0315
1017,415,23,15.0315
1018,178,23,15.0393
1019,140,23,15.0472
1019,444,23,15.0472
1020,134,23,15.055
1021,221,23,15.0627
1021,231,23,15.0627
1022,312,23,15.0705
1023,88,23,15.0783
1024,90,23,15.086
1025,234,23,15.0938
1025,311,23,15.0938
1026,224,23,15.1015
1027,133,23,15.1092
1027,139,23,15.1092
1028,446,23,15.1168
1029,178,23,15.1245
1029,422,23,15.1245
1030,404,23,15.1322
1031,268,23,15.1398
1031,327,23,15.1398
1032,358,23,15.1474
1033,48,23,15.155
1033,495,23,15.155
1034,44,23,15.1626
1035,44,23,15.1702
1035,46,23,15.1702
1035,89,23,15.1702
1035,91,23,15.1702
1035,134,23,15.1702
1035,136,23,15.1702
1035,179,23,15.1702
1035,181,23,15.1702
1035,224,23,15.1702
1035,226,23,15.1702
1035,269,23,15.1702
1035,271,23,15.1702
1035,314,23,15.1702
1035,316,23,15.1702
1035,359,23,15.1702
1035,361,23,15.1702
1035,404,23,15.1702
1035,406,23,15.1702
1035,449,23,15.1702
1035,451,23,15.1702
1035,494,23,15.1702
1035,496,23,15.1702
1036,46,23,15.1778
1037,331,23,15.1853
1037,495,23,15.1853
1038,362,23,15.1929
1039,272,23,15.2004
1039,424,23,15.2004
1040,332,23,15.2079
1040,406,23,15.2079
1041,143,23,15.2154
1041,182,23,15.2154
1042,218,23,15.2229
1042,454,23,15.2229
1043,137,23,15.2303
1043,236,23,15.2303
1044,226,23,15.2378
1044,426,23,15.2378
1045,319,23,15.2452
1046,90,23,15.2526
1046,306,23,15.2526
1047,92,23,15.26
1047,239,23,15.26
1048,144,23,15.2674
1048,318,23,15.2674
1049,142,23,15.2748
1049,229,23,15.2748
1050,136,23,15.2822
1051,431,23,15.2895
1051,456,23,15.2895
1052,182,23,15.2969
1052,238,23,15.2969
1053,334,23,15.3042
1053,413,23,15.3042
1054,274,23,15.3115
1054,484,23,15.3115
1055,49,23,15.3188
1055,366,23,15.3188
1056,506,23,15.3261
1057,45,23,15.3333
1057,47,23,15.3333
1058,45,23,15.3406
1058,47,23,15.3406
1058,91,23,15.3406
1058,93,23,15.3406
1058,137,23,15.3406
1058,139,23,15.3406
1058,183,23,15.3406
1058,185,23,15.3406
1058,229,23,15.3406
1058,231,23,15.3406
1058,275,23,15.3406
1058,277,23,15.3406
1058,321,23,15.3406
1058,323,23,15.3406
1058,367,23,15.3406
1058,369,23,15.3406
1058,413,23,15.3406
1058,415,23,15.3406
1058,459,23,15.3406
1058,461,23,15.3406
1058,484,23,15.3406
1058,505,23,15.3406
1058,507,23,15.3406
1059,45,23,15.3478
1059,47,23,15.3478
1059,338,23,15.3478
1060,242,23,15.3551
1060,508,23,15.3551
1061,222,23,15.3623
1061,368,23,15.3623
1062,276,23,15.3695
1063,311,23,15.3766
1063,417,23,15.3766
1064,144,23,15.3838
1064,184,23,15.3838
1065,462,23,15.391
1066,138,23,15.3981
1066,310,23,15.3981
1067,233,23,15.4053
1067,490,23,15.4053
1068,324,23,15.4124
1068,438,23,15.4124
1069,94,23,15.4195
1069,489,23,15.4195
1070,92,23,15.4266
1070,222,23,15.4266
1071,327,23,15.4336
1072,232,23,15.4407
1072,340,23,15.4407
1073,141,23,15.4478
1073,312,23,15.4478
1074,468,23,15.4548
1075,188,23,15.4618
1075,223,23,15.4618
1076,50,23,15.4688
1076,420,23,15.4688
1077,282,23,15.4758
1078,44,23,15.4828
1078,376,23,15.4828
1079,44,23,15.4898
1079,515,23,15.4898
1080,48,23,15.4968
1081,46,23,15.5037
1081,48,23,15.5037
1081,93,23,15.5037
1081,95,23,15.5037
1081,140,23,15.5037
1081,142,23,15.5037
1081,187,23,15.5037
1081,189,23,15.5037
1081,234,23,15.5037
1081,236,23,15.5037
1081,281,23,15.5037
1081,283,23,15.5037
1081,328,23,15.5037
1081,330,23,15.5037
1081,375,23,15.5037
1081,377,23,15.5037
1081,422,23,15.5037
1081,424,23,15.5037
1081,469,23,15.5037
1081,471,23,15.5037
1081,516,23,15.5037
1081,518,23,15.5037
1082,46,23,15.5106
1083,519,23,15.5176
1084,376,23,15.5245
1085,227,23,15.5314
1085,282,23,15.5314
1086,426,23,15.5382
1087,188,23,15.5451
1087,318,23,15.5451
1088,472,23,15.552
1089,141,23,15.5588
1090,238,23,15.5657
1091,331,23,15.5725
1091,501,23,15.5725
1092,96,23,15.5793
1093,94,23,15.5861
1093,500,23,15.5861
1094,334,23,15.5929
1095,237,23,15.5996
1096,144,23,15.6064
1097,319,23,15.6131
1097,478,23,15.6131
1098,192,23,15.6199
1099,228,23,15.6266
1099,429,23,15.6266
1100,288,23,15.6333
1101,384,23,15.64
1102,526,23,15.6467
1103,45,23,15.6534
1103,49,23,15.6534
1105,47,23,15.6667
1106,530,24,15.6742
1107,384,24,15.6817
1108,288,24,15.6893
1109,232,24,15.6968
1109,354,24,15.6968
1109,435,24,15.6968
1110,192,24,15.7042
1111,325,24,15.7117
1111,482,24,15.7117
1112,144,24,15.7192
1113,243,24,15.7266
1114,338,24,15.7341
1115,98,24,15.7415
1115,512,24,15.7415
1116,96,24,15.7489
1117,341,24,15.7563
1117,511,24,15.7563
1118,242,24,15.7637
1119,147,24,15.771
1120,488,24,15.7784
1121,196,24,15.7857
1121,326,24,15.7857
1122,438,24,15.793
1123,233,24,15.8004
1123,294,24,15.8004
1124,392,24,15.8077
1125,537,24,15.8149
1126,50,24,15.8222
1127,46,24,15.8295
1128,46,24,15.8367
1128,48,24,15.8367
1128,234,24,15.8367
1128,236,24,15.8367
1128,328,24,15.8367
1128,330,24,15.8367
1128,516,24,15.8367
1128,518,24,15.8367
1129,48,24,15.844
1129,541,24,15.844
1130,392,24,15.8512
1131,294,24,15.8584
1131,361,24,15.8584
1131,542,24,15.8584
1132,444,24,15.8656
1133,196,24,15.8728
1133,237,24,15.8728
1133,271,24,15.8728
1133,393,24,15.8728
1134,492,24,15.88
1135,147,24,15.8871
1135,295,24,15.8871
1135,332,24,15.8871
1136,248,24,15.8943
1137,181,24,15.9014
1137,345,24,15.9014
1137,446,24,15.9014
1138,100,24,15.9085
1139,98,24,15.9156
1139,197,24,15.9156
1139,318,24,15.9156
1139,523,24,15.9156
1140,348,24,15.9227
1141,136,24,15.9298
1141,247,24,15.9298
1141,495,24,15.9298
1141,522,24,15.9298
1142,150,24,15.9369
1143,148,24,15.944
1143,498,24,15.944
1143,502,24,15.944
1144,200,24,15.951
1145,250,24,15.958
1145,333,24,15.958
1145,447,24,15.958
1146,300,24,15.9651
1147,238,24,15.9721
1147,348,24,15.9721
1147,400,24,15.9721
1147,412,24,15.9721
1148,548,24,15.9791
1149,51,24,15.9861
1149,91,24,15.9861
1149,101,24,15.9861
1151,47,24,16.
1151,49,24,16.
1151,93,24,16.
1151,99,24,16.
1152,47,24,16.007
1152,49,24,16.007
1152,239,24,16.007
1152,241,24,16.007
1152,335,24,16.007
1152,337,24,16.007
1152,527,24,16.007
1152,529,24,16.007
1152,552,24,16.007
1153,47,24,16.0139
1153,49,24,16.0139
1153,352,24,16.0139
1153,368,24,16.0139
1153,400,24,16.0139
1153,416,24,16.0139
1154,276,24,16.0208
1155,250,24,16.0277
1156,184,24,16.0346
1157,152,24,16.0415
1157,240,24,16.0415
1157,323,24,16.0415
1157,510,24,16.0415
1158,138,24,16.0484
1159,140,24,16.0553
1159,337,24,16.0553
1159,505,24,16.0553
1159,509,24,16.0553
1161,203,24,16.069
1161,326,24,16.069
1161,417,24,16.069
1162,92,24,16.0758
1163,94,24,16.0826
1163,187,24,16.0826
1163,454,24,16.0826
1163,532,24,16.0826
1164,420,24,16.0894
1165,305,24,16.0962
1165,535,24,16.0962
1166,514,24,16.103
1167,141,24,16.1098
1167,281,24,16.1098
1167,407,24,16.1098
1168,328,24,16.1165
1169,188,24,16.1233
1169,342,24,16.1233
1169,375,24,16.1233
1169,558,24,16.1233
1171,52,24,16.1368
1171,245,24,16.1368
1171,282,24,16.1368
1171,563,24,16.1368
1172,376,24,16.1435
1173,46,24,16.1502
1173,564,24,16.1502
1174,46,24,16.1569
1175,50,24,16.1635
1176,48,24,16.1702
1176,50,24,16.1702
1176,244,24,16.1702
1176,246,24,16.1702
1176,342,24,16.1702
1176,344,24,16.1702
1176,538,24,16.1702
1176,540,24,16.1702
1177,48,24,16.1769
1177,564,24,16.1769
1178,376,24,16.1835
1179,282,24,16.1902
1181,188,24,16.2034
1181,245,24,16.2034
1182,330,24,16.21
1183,141,24,16.2166
1183,344,24,16.2166
1184,520,24,16.2232
1186,426,24,16.2363
1187,94,24,16.2428
1187,543,24,16.2428
1188,96,24,16.2494
1189,429,24,16.2559
1189,546,24,16.2559
1191,525,24,16.2689
1192,144,24,16.2754
1193,335,24,16.2819
1193,349,24,16.2819
1194,192,24,16.2883
1195,250,24,16.2948
1196,288,24,16.3013
1197,384,24,16.3077
1198,576,24,16.3141
1199,47,24,16.3205
1199,51,24,16.3205
1201,49,24,16.3333
1202,576,25,16.3405
1203,384,25,16.3478
1204,288,25,16.3549
1205,250,25,16.3621
1205,418,25,16.3621
1206,192,25,16.3693
1207,337,25,16.3765
1207,351,25,16.3765
1208,144,25,16.3836
1209,531,25,16.3907
1211,435,25,16.405
1211,554,25,16.405
1212,96,25,16.4121
1213,98,25,16.4191
1213,557,25,16.4191
1214,438,25,16.4262
1216,536,25,16.4403
1217,147,25,16.4474
1217,356,25,16.4474
1218,342,25,16.4544
1219,196,25,16.4614
1219,255,25,16.4614
1221,294,25,16.4754
1222,392,25,16.4824
1223,52,25,16.4894
1223,588,25,16.4894
1224,48,25,16.4963
1225,48,25,16.5033
1225,50,25,16.5033
1225,97,25,16.5033
1225,99,25,16.5033
1225,146,25,16.5033
1225,148,25,16.5033
1225,195,25,16.5033
1225,197,25,16.5033
1225,293,25,16.5033
1225,295,25,16.5033
1225,342,25,16.5033
1225,344,25,16.5033
1225,391,25,16.5033
1225,393,25,16.5033
1225,440,25,16.5033
1225,442,25,16.5033
1225,538,25,16.5033
1225,540,25,16.5033
1225,587,25,16.5033
1225,589,25,16.5033
1226,50,25,16.5102
1227,588,25,16.5171
1228,392,25,16.524
1228,426,25,16.524
1229,255,25,16.5309
1229,294,25,16.5309
1231,196,25,16.5447
1231,358,25,16.5447
1232,236,25,16.5516
1232,344,25,16.5516
1233,147,25,16.5584
1234,256,25,16.5653
1234,542,25,16.5653
1235,565,25,16.5721
1236,444,25,16.5789
1236,522,25,16.5789
1237,98,25,16.5858
1237,568,25,16.5858
1238,100,25,16.5926
1238,360,25,16.5926
1239,447,25,16.5994
1240,144,25,16.6061
1241,363,25,16.6129
1241,547,25,16.6129
1242,150,25,16.6197
1243,260,25,16.6264
1243,349,25,16.6264
1244,200,25,16.6331
1244,334,25,16.6331
1246,300,25,16.6466
1246,570,25,16.6466
1247,53,25,16.6533
1247,400,25,16.6533
1248,600,25,16.66
1249,49,25,16.6667
1249,51,25,16.6667
1250,49,25,16.6733
1250,51,25,16.6733
1250,99,25,16.6733
1250,101,25,16.6733
1250,149,25,16.6733
1250,151,25,16.6733
1250,199,25,16.6733
1250,201,25,16.6733
1250,299,25,16.6733
1250,301,25,16.6733
1250,349,25,16.6733
1250,351,25,16.6733
1250,399,25,16.6733
1250,401,25,16.6733
1250,449,25,16.6733
1250,451,25,16.6733
1250,549,25,16.6733
1250,551,25,16.6733
1250,574,25,16.6733
1250,599,25,16.6733
1250,601,25,16.6733
1251,49,25,16.68
1251,51,25,16.68
1251,434,25,16.68
1252,338,25,16.6867
1252,602,25,16.6867
1253,240,25,16.6933
1253,402,25,16.6933
1254,302,25,16.6999
1255,530,25,16.7065
1256,144,25,16.7131
1256,202,25,16.7131
1257,146,25,16.7197
1257,353,25,16.7197
1258,152,25,16.7263
1258,368,25,16.7263
1259,338,25,16.7329
1259,555,25,16.7329
1260,534,25,16.7395
1261,455,25,16.746
1262,102,25,16.7526
1262,264,25,16.7526
1263,100,25,16.7591
1263,341,25,16.7591
1264,244,25,16.7656
1264,454,25,16.7656
1265,145,25,16.7722
1266,556,25,16.7787
1267,151,25,16.7852
1267,537,25,16.7852
1268,354,25,16.7916
1268,438,25,16.7916
1269,202,25,16.7981
1269,245,25,16.7981
1270,54,25,16.8046
1271,304,25,16.811
1271,439,25,16.811
1272,48,25,16.8175
1272,406,25,16.8175
1273,48,25,16.8239
1273,610,25,16.8239
1274,52,25,16.8303
1275,50,25,16.8367
1275,52,25,16.8367
1275,101,25,16.8367
1275,103,25,16.8367
1275,152,25,16.8367
1275,154,25,16.8367
1275,203,25,16.8367
1275,205,25,16.8367
1275,305,25,16.8367
1275,307,25,16.8367
1275,356,25,16.8367
1275,358,25,16.8367
1275,407,25,16.8367
1275,409,25,16.8367
1275,458,25,16.8367
1275,460,25,16.8367
1275,560,25,16.8367
1275,562,25,16.8367
1275,611,25,16.8367
1275,613,25,16.8367
1276,50,25,16.8431
1277,443,25,16.8495
1277,614,25,16.8495
1278,410,25,16.8559
1279,245,25,16.8623
1279,308,25,16.8623
1281,206,25,16.875
1281,541,25,16.875
1282,360,25,16.8813
1283,149,25,16.8877
1283,155,25,16.8877
1284,566,25,16.894
1285,345,25,16.9003
1286,464,25,16.9066
1287,104,25,16.9129
1288,102,25,16.9192
1289,348,25,16.9255
1289,463,25,16.9255
1291,148,25,16.938
1291,567,25,16.938
1292,154,25,16.9442
1293,361,25,16.9505
1293,548,25,16.9505
1294,206,25,16.9567
1295,250,25,16.9629
1296,310,25,16.9691
1297,414,25,16.9753
1297,448,25,16.9753
1298,622,25,16.9815
1299,49,25,16.9877
1299,53,25,16.9877
1301,51,25,17.
1302,626,26,17.0069
1303,418,26,17.0138
1303,452,26,17.0138
1304,314,26,17.0207
1305,250,26,17.0276
1306,210,26,17.0345
1307,367,26,17.0413
1307,552,26,17.0413
1308,158,26,17.0482
1309,152,26,17.055
1309,577,26,17.055
1311,352,26,17.0687
1311,473,26,17.0687
1312,106,26,17.0755
1313,104,26,17.0823
1314,472,26,17.0891
1315,355,26,17.0959
1316,578,26,17.1027
1317,151,26,17.1094
1317,157,26,17.1094
1318,368,26,17.1162
1319,210,26,17.1229
1319,559,26,17.1229
1321,255,26,17.1364
1321,316,26,17.1364
1322,422,26,17.1431
1323,457,26,17.1498
1323,634,26,17.1498
1324,54,26,17.1565
1325,50,26,17.1631
1326,50,26,17.1698
1326,52,26,17.1698
1326,152,26,17.1698
1326,154,26,17.1698
1326,254,26,17.1698
1326,256,26,17.1698
1326,356,26,17.1698
1326,358,26,17.1698
1326,458,26,17.1698
1326,460,26,17.1698
1326,560,26,17.1698
1326,562,26,17.1698
1327,52,26,17.1765
1327,638,26,17.1765
1328,426,26,17.1831
1329,320,26,17.1898
1329,461,26,17.1898
1329,639,26,17.1898
1331,214,26,17.203
1331,255,26,17.203
1331,346,26,17.203
1331,427,26,17.203
1332,374,26,17.2096
1333,161,26,17.2162
1333,321,26,17.2162
1333,544,26,17.2162
1333,563,26,17.2162
1334,588,26,17.2228
1335,155,26,17.2294
1336,482,26,17.236
1337,108,26,17.2425
1337,199,26,17.2425
1337,215,26,17.2425
1337,359,26,17.2425
1338,106,26,17.2491
1339,376,26,17.2556
1339,481,26,17.2556
1339,495,26,17.2556
1341,162,26,17.2687
1341,362,26,17.2687
1341,589,26,17.2687
1342,160,26,17.2752
1343,154,26,17.2817
1343,375,26,17.2817
1343,397,26,17.2817
1343,592,26,17.2817
1344,214,26,17.2882
1345,250,26,17.2946
1345,570,26,17.2946
1346,322,26,17.3011
1347,260,26,17.3076
1347,430,26,17.3076
1347,486,26,17.3076
1348,646,26,17.314
1349,55,26,17.3205
1349,99,26,17.3205
1349,109,26,17.3205
1349,466,26,17.3205
1351,51,26,17.3333
1351,53,26,17.3333
1351,101,26,17.3333
1351,107,26,17.3333
1352,51,26,17.3397
1352,53,26,17.3397
1352,155,26,17.3397
1352,157,26,17.3397
1352,259,26,17.3397
1352,261,26,17.3397
1352,363,26,17.3397
1352,365,26,17.3397
1352,467,26,17.3397
1352,469,26,17.3397
1352,571,26,17.3397
1352,573,26,17.3397
1352,650,26,17.3397
1353,51,26,17.3462
1353,53,26,17.3462
1353,434,26,17.3462
1353,486,26,17.3462
1354,352,26,17.3525
1355,250,26,17.3589
1355,468,26,17.3589
1355,553,26,17.3589
1357,202,26,17.3717
1357,262,26,17.3717
1357,403,26,17.3717
1357,596,26,17.3717
1358,502,26,17.378
1359,162,26,17.3844
1359,576,26,17.3844
1360,402,26,17.3907
1361,156,26,17.3971
1361,253,26,17.3971
1361,380,26,17.3971
1361,505,26,17.3971
1363,100,26,17.4097
1363,201,26,17.4097
1363,217,26,17.4097
1363,368,26,17.4097
1364,102,26,17.416
1366,252,26,17.4286
1367,327,26,17.4348
1367,367,26,17.4348
1367,406,26,17.4348
1367,556,26,17.4348
1369,159,26,17.4474
1369,354,26,17.4474
1369,437,26,17.4474
1369,508,26,17.4474
1370,202,26,17.4536
1371,579,26,17.4599
1371,657,26,17.4599
1372,558,26,17.4661
1373,56,26,17.4723
1373,263,26,17.4723
1373,355,26,17.4723
1373,662,26,17.4723
1375,50,26,17.4847
1375,477,26,17.4847
1375,663,26,17.4847
1376,50,26,17.4909
1377,54,26,17.4971
1378,52,26,17.5033
1378,54,26,17.5033
1378,158,26,17.5033
1378,160,26,17.5033
1378,264,26,17.5033
1378,266,26,17.5033
1378,370,26,17.5033
1378,372,26,17.5033
1378,476,26,17.5033
1378,478,26,17.5033
1378,582,26,17.5033
1378,584,26,17.5033
1379,52,26,17.5094
1379,663,26,17.5094
1381,359,26,17.5217
1381,477,26,17.5217
1382,564,26,17.5279
1383,267,26,17.534
1384,206,26,17.5401
1385,512,26,17.5462
1385,587,26,17.5462
1387,159,26,17.5584
1387,410,26,17.5584
1388,258,26,17.5645
1389,375,26,17.5706
1390,102,26,17.5767
1391,104,26,17.5827
1393,257,26,17.5948
1393,374,26,17.5948
1394,414,26,17.6009
1395,162,26,17.6069
1396,518,26,17.6129
1397,206,26,17.6189
1397,590,26,17.6189
1399,268,26,17.6309
1399,569,26,17.6309
1400,362,26,17.6369
1401,486,26,17.6429
1402,676,26,17.6488
1403,51,26,17.6548
1403,55,26,17.6548
1405,53,26,17.6667
1406,676,27,17.6733
1407,486,27,17.6799
1408,366,27,17.6866
1409,272,27,17.6932
1409,452,27,17.6932
1409,575,27,17.6932
1411,210,27,17.7064
1411,598,27,17.7064
1412,522,27,17.713
1413,162,27,17.7195
1414,418,27,17.7261
1415,263,27,17.7327
1415,382,27,17.7327
1417,104,27,17.7458
1418,106,27,17.7523
1419,381,27,17.7588
1420,262,27,17.7653
1421,165,27,17.7718
1421,422,27,17.7718
1423,528,27,17.7848
1423,601,27,17.7848
1424,210,27,17.7913
1425,273,27,17.7978
1426,580,27,17.8042
1427,369,27,17.8107
1427,495,27,17.8107
1429,56,27,17.8235
1429,689,27,17.8235
1430,52,27,17.83
1431,52,27,17.8364
1431,54,27,17.8364
1431,105,27,17.8364
1431,107,27,17.8364
1431,211,27,17.8364
1431,213,27,17.8364
1431,264,27,17.8364
1431,266,27,17.8364
1431,370,27,17.8364
1431,372,27,17.8364
1431,423,27,17.8364
1431,425,27,17.8364
1431,529,27,17.8364
1431,531,27,17.8364
1431,582,27,17.8364
1431,584,27,17.8364
1431,688,27,17.8364
1431,690,27,17.8364
1432,54,27,17.8428
1433,495,27,17.8492
1433,689,27,17.8492
1434,460,27,17.8555
1435,277,27,17.8619
1435,373,27,17.8619
1436,496,27,17.8683
1436,586,27,17.8683
1437,609,27,17.8747
1438,214,27,17.881
1438,564,27,17.881
1439,165,27,17.8873
1439,532,27,17.8873
1440,278,27,17.8937
1441,389,27,17.9
1441,426,27,17.9
1442,268,27,17.9063
1444,106,27,17.9189
1444,612,27,17.9189
1445,108,27,17.9252
1445,388,27,17.9252
1446,154,27,17.9315
1447,168,27,17.9378
1447,267,27,17.9378
1448,166,27,17.944
1448,430,27,17.944
1449,612,27,17.9503
1450,258,27,17.9565
1450,538,27,17.9565
1451,214,27,17.9628
1451,278,27,17.9628
1452,392,27,17.969
1453,504,27,17.9752
1453,591,27,17.9752
1454,376,27,17.9814
1454,676,27,17.9814
1455,57,27,17.9876
1456,702,27,17.9938
1457,53,27,18.
1457,55,27,18.
1458,53,27,18.0062
1458,55,27,18.0062
1458,107,27,18.0062
1458,109,27,18.0062
1458,215,27,18.0062
1458,217,27,18.0062
1458,269,27,18.0062
1458,271,27,18.0062
1458,377,27,18.0062
1458,379,27,18.0062
1458,431,27,18.0062
1458,433,27,18.0062
1458,539,27,18.0062
1458,541,27,18.0062
1458,593,27,18.0062
1458,595,27,18.0062
1458,676,27,18.0062
1458,701,27,18.0062
1458,703,27,18.0062
1459,53,27,18.0123
1459,55,27,18.0123
1459,468,27,18.0123
1459,504,27,18.0123
1460,392,27,18.0185
1460,704,27,18.0185
1461,573,27,18.0247
1462,262,27,18.0308
1462,378,27,18.0308
1463,595,27,18.0369
1464,170,27,18.0431
1465,156,27,18.0492
1465,216,27,18.0492
1466,158,27,18.0553
1466,544,27,18.0553
1467,261,27,18.0614
1468,436,27,18.0675
1468,620,27,18.0675
1469,271,27,18.0736
1469,683,27,18.0736
1471,110,27,18.0857
1471,682,27,18.0857
1472,108,27,18.0918
1472,282,27,18.0918
1473,264,27,18.0978
1474,274,27,18.1039
1474,580,27,18.1039
1475,159,27,18.1099
1475,436,27,18.1099
1476,512,27,18.1159
1477,546,27,18.122
1478,220,27,18.128
1478,476,27,18.128
1479,582,27,18.134
1480,58,27,18.14
1480,604,27,18.14
1481,385,27,18.1459
1481,477,27,18.1459
1482,52,27,18.1519
1483,52,27,18.1579
1483,713,27,18.1579
1484,56,27,18.1639
1485,54,27,18.1698
1485,56,27,18.1698
1485,109,27,18.1698
1485,111,27,18.1698
1485,219,27,18.1698
1485,221,27,18.1698
1485,274,27,18.1698
1485,276,27,18.1698
1485,384,27,18.1698
1485,386,27,18.1698
1485,439,27,18.1698
1485,441,27,18.1698
1485,549,27,18.1698
1485,551,27,18.1698
1485,604,27,18.1698
1485,606,27,18.1698
1485,714,27,18.1698
1485,716,27,18.1698
1486,54,27,18.1758
1487,477,27,18.1817
1487,717,27,18.1817
1489,385,27,18.1935
1489,584,27,18.1935
1490,606,27,18.1995
1492,220,27,18.2113
1493,159,27,18.2172
1493,554,27,18.2172
1495,266,27,18.2289
1495,444,27,18.2289
1496,276,27,18.2348
1497,696,27,18.2406
1498,112,27,18.2465
1499,110,27,18.2523
1499,695,27,18.2523
1501,269,27,18.264
1501,279,27,18.264
1502,444,27,18.2698
1503,162,27,18.2756
1504,556,27,18.2814
1505,224,27,18.2872
1507,593,27,18.2988
1507,615,27,18.2988
1508,392,27,18.3046
1509,486,27,18.3103
1510,726,27,18.3161
1511,53,27,18.3219
1511,57,27,18.3219
1513,55,27,18.3333
1514,730,28,18.3397
1515,486,28,18.3461
1516,392,28,18.3525
1517,524,28,18.3588
1517,595,28,18.3588
1517,617,28,18.3588
1519,224,28,18.3715
1520,564,28,18.3779
1521,162,28,18.3842
1522,452,28,18.3905
1523,271,28,18.3968
1523,281,28,18.3968
1525,114,28,18.4094
1525,709,28,18.4094
1526,112,28,18.4157
1527,708,28,18.422
1528,284,28,18.4283
1529,274,28,18.4346
1529,452,28,18.4346
1531,165,28,18.4471
1531,566,28,18.4471
1532,228,28,18.4533
1534,626,28,18.4658
1535,399,28,18.472
1535,604,28,18.472
1537,495,28,18.4844
1537,739,28,18.4844
1538,58,28,18.4906
1539,54,28,18.4967
1540,54,28,18.5029
1540,56,28,18.5029
1540,164,28,18.5029
1540,166,28,18.5029
1540,274,28,18.5029
1540,276,28,18.5029
1540,494,28,18.5029
1540,496,28,18.5029
1540,604,28,18.5029
1540,606,28,18.5029
1540,714,28,18.5029
1540,716,28,18.5029
1541,56,28,18.5091
1541,743,28,18.5091
1543,399,28,18.5214
1543,495,28,18.5214
1543,533,28,18.5214
1543,744,28,18.5214
1544,628,28,18.5275
1545,372,28,18.5337
1545,606,28,18.5337
1546,228,28,18.5398
1547,321,28,18.5459
1547,400,28,18.5459
1547,574,28,18.5459
1549,165,28,18.5581
1549,268,28,18.5581
1549,460,28,18.5581
1549,630,28,18.5581
1550,286,28,18.5642
1551,213,28,18.5703
1551,276,28,18.5703
1552,116,28,18.5764
1553,114,28,18.5825
1553,229,28,18.5825
1553,590,28,18.5825
1553,722,28,18.5825
1555,289,28,18.5946
1555,577,28,18.5946
1555,698,28,18.5946
1555,721,28,18.5946
1556,460,28,18.6006
1557,162,28,18.6067
1557,279,28,18.6067
1558,576,28,18.6127
1559,168,28,18.6187
1559,232,28,18.6187
1559,431,28,18.6187
1559,463,28,18.6187
1561,288,28,18.6308
1561,637,28,18.6308
1561,645,28,18.6308
1562,406,28,18.6368
1563,486,28,18.6428
1563,615,28,18.6428
1564,752,28,18.6488
1565,59,28,18.6547
1565,107,28,18.6547
1565,117,28,18.6547
1565,504,28,18.6547
1567,55,28,18.6667
1567,57,28,18.6667
1567,109,28,18.6667
1567,115,28,18.6667
1568,55,28,18.6726
1568,57,28,18.6726
1568,167,28,18.6726
1568,169,28,18.6726
1568,279,28,18.6726
1568,281,28,18.6726
1568,503,28,18.6726
1568,505,28,18.6726
1568,615,28,18.6726
1568,617,28,18.6726
1568,727,28,18.6726
1568,729,28,18.6726
1568,756,28,18.6726
1569,55,28,18.6786
1569,57,28,18.6786
1569,486,28,18.6786
1569,542,28,18.6786
1570,378,28,18.6845
1571,292,28,18.6904
1571,326,28,18.6904
1571,506,28,18.6904
1571,651,28,18.6904
1572,272,28,18.6964
1573,216,28,18.7023
1573,433,28,18.7023
1573,465,28,18.7023
1573,619,28,18.7023
1574,598,28,18.7082
1575,162,28,18.7141
1575,707,28,18.7141
1576,164,28,18.72
1577,170,28,18.7259
1577,436,28,18.7259
1577,583,28,18.7259
1577,706,28,18.7259
1578,652,28,18.7318
1579,235,28,18.7376
1579,283,28,18.7376
1579,491,28,18.7376
1579,598,28,18.7376
1580,108,28,18.7435
1581,110,28,18.7494
1581,219,28,18.7494
1581,733,28,18.7494
1582,490,28,18.7552
1583,272,28,18.7611
1583,646,28,18.7611
1583,656,28,18.7611
1583,736,28,18.7611
1584,436,28,18.7669
1585,163,28,18.7727
1585,282,28,18.7727
1585,327,28,18.7727
1585,412,28,18.7727
1586,710,28,18.7785
1587,169,28,18.7844
1587,384,28,18.7844
1587,601,28,18.7844
1588,220,28,18.7902
1589,273,28,18.796
1589,547,28,18.796
1589,764,28,18.796
1590,328,28,18.8018
1591,60,28,18.8075
1591,385,28,18.8075
1591,624,28,18.8075
1591,769,28,18.8075
1592,548,28,18.8133
1593,54,28,18.8191
1593,511,28,18.8191
1593,770,28,18.8191
1594,54,28,18.8249
1595,58,28,18.8306
1596,56,28,18.8364
1596,58,28,18.8364
1596,170,28,18.8364
1596,172,28,18.8364
1596,284,28,18.8364
1596,286,28,18.8364
1596,512,28,18.8364
1596,514,28,18.8364
1596,626,28,18.8364
1596,628,28,18.8364
1596,740,28,18.8364
1596,742,28,18.8364
1597,56,28,18.8421
1597,770,28,18.8421
1598,552,28,18.8478
1599,385,28,18.8536
1599,515,28,18.8536
1600,332,28,18.8593
1601,277,28,18.865
1601,630,28,18.865
1602,220,28,18.8707
1603,609,28,18.8764
1604,720,28,18.8821
1605,167,28,18.8878
1605,173,28,18.8878
1606,444,28,18.8935
1607,288,28,18.8991
1607,664,28,18.8991
1608,500,28,18.9048
1609,110,28,18.9104
1609,746,28,18.9104
1610,112,28,18.9161
1611,499,28,18.9217
1611,749,28,18.9217
1612,668,28,18.9274
1613,287,28,18.933
1613,444,28,18.933
1614,166,28,18.9386
1615,172,28,18.9442
1615,723,28,18.9442
1616,612,28,18.9498
1617,224,28,18.9554
1618,278,28,18.961
1619,334,28,18.9666
1619,635,28,18.9666
1620,392,28,18.9722
1621,520,28,18.9778
1621,558,28,18.9778
1622,784,28,18.9833
1623,55,28,18.9889
1623,59,28,18.9889
1625,57,28,19.
1626,784,29,19.0062
1627,524,29,19.0123
1627,562,29,19.0123
1628,392,29,19.0184
1629,338,29,19.0246
1629,641,29,19.0246
1630,282,29,19.0307
1631,224,29,19.0368
1632,620,29,19.0429
1633,176,29,19.049
1633,733,29,19.049
1634,170,29,19.0551
1635,293,29,19.0612
1635,452,29,19.0612
1636,676,29,19.0673
1637,509,29,19.0733
1637,759,29,19.0733
1638,112,29,19.0794
1639,114,29,19.0855
1639,762,29,19.0855
1640,508,29,19.0915
1641,292,29,19.0976
1641,680,29,19.0976
1642,452,29,19.1036
1643,169,29,19.1096
1643,175,29,19.1096
1644,736,29,19.1156
1645,623,29,19.1217
1646,228,29,19.1277
1647,283,29,19.1337
1647,646,29,19.1337
1648,340,29,19.1396
1649,399,29,19.1456
1649,529,29,19.1456
1650,568,29,19.1516
1651,60,29,19.1576
1651,798,29,19.1576
1652,56,29,19.1635
1653,56,29,19.1695
1653,58,29,19.1695
1653,113,29,19.1695
1653,115,29,19.1695
1653,170,29,19.1695
1653,172,29,19.1695
1653,227,29,19.1695
1653,229,29,19.1695
1653,284,29,19.1695
1653,286,29,19.1695
1653,341,29,19.1695
1653,343,29,19.1695
1653,398,29,19.1695
1653,400,29,19.1695
1653,455,29,19.1695
1653,457,29,19.1695
1653,512,29,19.1695
1653,514,29,19.1695
1653,569,29,19.1695
1653,571,29,19.1695
1653,626,29,19.1695
1653,628,29,19.1695
1653,683,29,19.1695
1653,685,29,19.1695
1653,740,29,19.1695
1653,742,29,19.1695
1653,797,29,19.1695
1653,799,29,19.1695
1654,58,29,19.1754
1655,533,29,19.1814
1655,798,29,19.1814
1656,572,29,19.1873
1657,399,29,19.1932
1657,652,29,19.1932
1658,344,29,19.1992
1658,534,29,19.1992
1659,287,29,19.2051
1660,228,29,19.211
1661,179,29,19.2169
1661,631,29,19.2169
1662,654,29,19.2228
1662,746,29,19.2228
1663,173,29,19.2286
1663,298,29,19.2286
1664,460,29,19.2345
1664,722,29,19.2345
1665,688,29,19.2404
1665,772,29,19.2404
1666,518,29,19.2462
1667,114,29,19.2521
1667,775,29,19.2521
1668,116,29,19.2579
1669,297,29,19.2638
1669,517,29,19.2638
1670,180,29,19.2696
1670,692,29,19.2696
1671,178,29,19.2754
1671,460,29,19.2754
1672,172,29,19.2813
1672,614,29,19.2813
1673,749,29,19.2871
1674,300,29,19.2929
1674,634,29,19.2929
1675,232,29,19.2987
1675,657,29,19.2987
1676,288,29,19.3045
1676,392,29,19.3045
1677,346,29,19.3103
1677,538,29,19.3103
1678,406,29,19.316
1678,778,29,19.316
1679,61,29,19.3218
1679,578,29,19.3218
1680,812,29,19.3276
1681,57,29,19.3333
1681,59,29,19.3333
1682,57,29,19.3391
1682,59,29,19.3391
1682,115,29,19.3391
1682,117,29,19.3391
1682,173,29,19.3391
1682,175,29,19.3391
1682,231,29,19.3391
1682,233,29,19.3391
1682,289,29,19.3391
1682,291,29,19.3391
1682,347,29,19.3391
1682,349,29,19.3391
1682,405,29,19.3391
1682,407,29,19.3391
1682,463,29,19.3391
1682,465,29,19.3391
1682,521,29,19.3391
1682,523,29,19.3391
1682,579,29,19.3391
1682,581,29,19.3391
1682,637,29,19.3391
1682,639,29,19.3391
1682,695,29,19.3391
1682,697,29,19.3391
1682,753,29,19.3391
1682,755,29,19.3391
1682,782,29,19.3391
1682,811,29,19.3391
1682,813,29,19.3391
1683,57,29,19.3448
1683,59,29,19.3448
1683,542,29,19.3448
1684,392,29,19.3506
1684,814,29,19.3506
1685,580,29,19.3563
1686,300,29,19.362
1686,408,29,19.362
1687,348,29,19.3677
1687,732,29,19.3677
1688,290,29,19.3734
1688,618,29,19.3734
1689,234,29,19.3791
1690,180,29,19.3848
1690,640,29,19.3848
1691,621,29,19.3905
1691,757,29,19.3905
1692,174,29,19.3962
1693,396,29,19.4019
1693,466,29,19.4019
1694,702,29,19.4076
1695,525,29,19.4132
1696,118,29,19.4189
1696,734,29,19.4189
1697,116,29,19.4245
1697,395,29,19.4245
1698,528,29,19.4302
1698,666,29,19.4302
1699,622,29,19.4358
1699,702,29,19.4358
1700,470,29,19.4414
1701,177,29,19.4471
1702,546,29,19.4527
1702,764,29,19.4527
1703,647,29,19.4583
1703,737,29,19.4583
1704,234,29,19.4639
1705,295,29,19.4695
1706,62,29,19.4751
1706,354,29,19.4751
1707,411,29,19.4807
1708,56,29,19.4862
1708,590,29,19.4862
1709,56,29,19.4918
1709,824,29,19.4918
1710,60,29,19.4974
1711,58,29,19.5029
1711,60,29,19.5029
1711,117,29,19.5029
1711,119,29,19.5029
1711,176,29,19.5029
1711,178,29,19.5029
1711,235,29,19.5029
1711,237,29,19.5029
1711,294,29,19.5029
1711,296,29,19.5029
1711,353,29,19.5029
1711,355,29,19.5029
1711,412,29,19.5029
1711,414,29,19.5029
1711,471,29,19.5029
1711,473,29,19.5029
1711,530,29,19.5029
1711,532,29,19.5029
1711,589,29,19.5029
1711,591,29,19.5029
1711,648,29,19.5029
1711,650,29,19.5029
1711,707,29,19.5029
1711,709,29,19.5029
1711,766,29,19.5029
1711,768,29,19.5029
1711,825,29,19.5029
1711,827,29,19.5029
1712,58,29,19.5085
1713,828,29,19.514
1714,590,29,19.5196
1715,415,29,19.5251
1716,354,29,19.5306
1717,295,29,19.5361
1717,745,29,19.5361
1718,238,29,19.5416
1719,651,29,19.5471
1720,770,29,19.5526
1721,177,29,19.5581
1721,632,29,19.5581
1722,474,29,19.5636
1723,403,29,19.5691
1723,714,29,19.5691
1724,534,29,19.5746
1725,120,29,19.58
1726,118,29,19.5855
1727,402,29,19.591
1727,537,29,19.591
1728,714,29,19.5964
1729,478,29,19.6019
1729,633,29,19.6019
1730,180,29,19.6073
1731,777,29,19.6127
1732,658,29,19.6181
1733,238,29,19.6236
1733,750,29,19.6236
1734,300,29,19.629
1735,360,29,19.6344
1736,418,29,19.6398
1737,600,29,19.6452
1738,838,29,19.6505
1739,57,29,19.6559
1739,61,29,19.6559
1741,59,29,19.6667
1742,842,30,19.6726
1743,600,30,19.6785
1744,422,30,19.6845
1745,360,30,19.6904
1745,562,30,19.6904
1746,300,30,19.6963
1747,242,30,19.7022
1747,758,30,19.7022
1748,662,30,19.7081
1749,783,30,19.714
1750,180,30,19.7198
1751,482,30,19.7257
1751,643,30,19.7257
1752,726,30,19.7316
1753,410,30,19.7374
1753,543,30,19.7374
1754,122,30,19.7433
1755,120,30,19.7491
1756,546,30,19.755
1757,409,30,19.7608
1757,726,30,19.7608
1758,486,30,19.7666
1759,183,30,19.7725
1759,644,30,19.7725
1760,790,30,19.7783
1761,669,30,19.7841
1762,242,30,19.7899
1763,305,30,19.7957
1763,763,30,19.7957
1764,366,30,19.8015
1765,425,30,19.8073
1766,610,30,19.813
1767,852,30,19.8188
1768,62,30,19.8246
1769,58,30,19.8303
1770,58,30,19.8361
1770,60,30,19.8361
1770,412,30,19.8361
1770,414,30,19.8361
1770,648,30,19.8361
1770,650,30,19.8361
1770,766,30,19.8361
1770,768,30,19.8361
1771,60,30,19.8418
1771,856,30,19.8418
1772,610,30,19.8475
1773,429,30,19.8533
1773,571,30,19.8533
1773,857,30,19.8533
1774,366,30,19.859
1775,305,30,19.8647
1775,459,30,19.8647
1775,611,30,19.8647
1776,246,30,19.8704
1777,343,30,19.8761
1777,430,30,19.8761
1777,673,30,19.8761
1777,771,30,19.8761
1778,796,30,19.8818
1779,183,30,19.8875
1779,286,30,19.8875
1779,367,30,19.8875
1780,490,30,19.8932
1781,306,30,19.8989
1781,518,30,19.8989
1781,654,30,19.8989
1781,738,30,19.8989
1782,552,30,19.9045
1783,124,30,19.9102
1783,231,30,19.9102
1783,247,30,19.9102
1783,417,30,19.9102
1784,122,30,19.9159
1785,404,30,19.9215
1785,555,30,19.9215
1785,676,30,19.9215
1786,738,30,19.9272
1787,172,30,19.9328
1787,416,30,19.9328
1787,494,30,19.9328
1787,800,30,19.9328
1788,186,30,19.9384
1789,184,30,19.9441
1789,655,30,19.9441
1789,803,30,19.9441
1789,807,30,19.9441
1790,680,30,19.9497
1791,246,30,19.9553
1791,493,30,19.9553
1791,752,30,19.9553
1792,310,30,19.9609
1793,372,30,19.9665
1793,695,30,19.9665
1793,743,30,19.9665
1793,776,30,19.9665
1794,432,30,19.9721
1795,556,30,19.9777
1795,620,30,19.9777
1795,636,30,19.9777
1796,866,30,19.9833
1797,63,30,19.9889
1797,115,30,19.9889
1797,125,30,19.9889
1799,59,30,20.
1799,61,30,20.
1799,117,30,20.
1799,123,30,20.
1800,59,30,20.0056
1800,61,30,20.0056
1800,419,30,20.0056
1800,421,30,20.0056
1800,659,30,20.0056
1800,661,30,20.0056
1800,779,30,20.0056
1800,781,30,20.0056
1800,870,30,20.0056
1801,59,30,20.0111
1801,61,30,20.0111
1801,560,30,20.0111
1801,580,30,20.0111
1801,620,30,20.0111
1801,640,30,20.0111
1802,466,30,20.0167
1803,348,30,20.0222
1803,697,30,20.0222
1803,745,30,20.0222
1804,290,30,20.0277
1805,499,30,20.0333
1805,525,30,20.0333
1805,756,30,20.0333
1806,234,30,20.0388
1807,188,30,20.0443
1807,409,30,20.0443
1807,782,30,20.0443
1807,817,30,20.0443
1808,174,30,20.0498
1809,176,30,20.0553
1809,812,30,20.0553
1809,816,30,20.0553
1810,760,30,20.0608
1811,408,30,20.0663
1811,663,30,20.0663
1811,688,30,20.0663
1811,702,30,20.0663
1812,642,30,20.0718
1813,116,30,20.0773
1813,233,30,20.0773
1813,249,30,20.0773
1813,422,30,20.0773
1814,118,30,20.0827
1815,314,30,20.0882
1815,526,30,20.0882
1815,645,30,20.0882
1816,702,30,20.0937
1817,294,30,20.0991
1817,377,30,20.0991
1817,425,30,20.0991
1817,761,30,20.0991
1818,822,30,20.1046
1819,177,30,20.11
1819,353,30,20.11
1819,438,30,20.11
1819,668,30,20.11
1820,410,30,20.1154
1821,234,30,20.1209
1821,469,30,20.1209
1821,629,30,20.1209
1822,528,30,20.1263
1823,295,30,20.1317
1823,589,30,20.1317
1823,791,30,20.1317
1823,879,30,20.1317
1824,354,30,20.1371
1825,64,30,20.1425
1825,470,30,20.1425
1825,884,30,20.1425
1826,590,30,20.1479
1827,58,30,20.1533
1827,885,30,20.1533
1828,58,30,20.1587
1829,62,30,20.1641
1830,60,30,20.1695
1830,62,30,20.1695
1830,426,30,20.1695
1830,428,30,20.1695
1830,670,30,20.1695
1830,672,30,20.1695
1830,792,30,20.1695
1830,794,30,20.1695
1831,60,30,20.1749
1831,885,30,20.1749
1832,590,30,20.1802
1833,474,30,20.1856
1834,354,30,20.1909
1835,295,30,20.1963
1836,534,30,20.2016
1837,238,30,20.207
1837,795,30,20.207
1838,416,30,20.2123
1839,177,30,20.2176
1840,830,30,20.2229
1841,674,30,20.2283
1841,773,30,20.2283
1842,714,30,20.2336
1843,429,30,20.2389
1843,653,30,20.2389
1844,118,30,20.2442
1845,120,30,20.2495
1846,656,30,20.2547
1847,432,30,20.26
1847,714,30,20.26
1848,774,30,20.2653
1849,679,30,20.2706
1849,836,30,20.2706
1850,180,30,20.2758
1851,417,30,20.2811
1852,238,30,20.2863
1853,537,30,20.2916
1853,804,30,20.2916
1854,300,30,20.2968
1855,360,30,20.302
1856,478,30,20.3073
1857,600,30,20.3125
1858,900,30,20.3177
1859,59,30,20.3229
1859,63,30,20.3229
1861,61,30,20.3333
1862,900,31,20.3391
1863,600,31,20.3448
1864,482,31,20.3505
1865,360,31,20.3562
1865,642,31,20.3562
1866,300,31,20.3619
1867,543,31,20.3676
1867,808,31,20.3676
1868,242,31,20.3733
1869,423,31,20.379
1870,180,31,20.3847
1871,685,31,20.3904
1871,844,31,20.3904
1872,786,31,20.396
1873,436,31,20.4017
1873,726,31,20.4017
1874,664,31,20.4074
1875,120,31,20.413
1876,122,31,20.4187
1877,439,31,20.4243
1877,667,31,20.4243
1878,726,31,20.4299
1879,690,31,20.4356
1879,787,31,20.4356
1880,850,31,20.4412
1881,183,31,20.4468
1882,424,31,20.4524
1883,242,31,20.458
1883,817,31,20.458
1884,546,31,20.4636
1885,305,31,20.4692
1886,366,31,20.4748
1887,486,31,20.4804
1888,610,31,20.486
1889,64,31,20.4915
1889,915,31,20.4915
1890,60,31,20.4971
1891,60,31,20.5026
1891,62,31,20.5026
1891,121,31,20.5026
1891,123,31,20.5026
1891,182,31,20.5026
1891,184,31,20.5026
1891,243,31,20.5026
1891,245,31,20.5026
1891,304,31,20.5026
1891,306,31,20.5026
1891,365,31,20.5026
1891,367,31,20.5026
1891,426,31,20.5026
1891,428,31,20.5026
1891,487,31,20.5026
1891,489,31,20.5026
1891,548,31,20.5026
1891,550,31,20.5026
1891,609,31,20.5026
1891,611,31,20.5026
1891,670,31,20.5026
1891,672,31,20.5026
1891,731,31,20.5026
1891,733,31,20.5026
1891,792,31,20.5026
1891,794,31,20.5026
1891,853,31,20.5026
1891,855,31,20.5026
1891,914,31,20.5026
1891,916,31,20.5026
1892,62,31,20.5082
1893,915,31,20.5137
1894,610,31,20.5193
1894,652,31,20.5193
1895,490,31,20.5248
1896,366,31,20.5303
1897,305,31,20.5359
1897,821,31,20.5359
1898,552,31,20.5414
1898,772,31,20.5414
1899,246,31,20.5469
1900,430,31,20.5524
1901,183,31,20.5579
1901,696,31,20.5579
1902,534,31,20.5634
1902,858,31,20.5634
1903,443,31,20.5689
1903,799,31,20.5689
1904,738,31,20.5744
1904,824,31,20.5744
1905,675,31,20.5798
1906,122,31,20.5853
1906,416,31,20.5853
1907,124,31,20.5908
1907,446,31,20.5908
1908,678,31,20.5962
1909,701,31,20.6017
1909,738,31,20.6017
1910,180,31,20.6071
1910,800,31,20.6071
1911,864,31,20.6126
1912,186,31,20.618
1912,700,31,20.618
1913,431,31,20.6234
1913,830,31,20.6234
1914,246,31,20.6289
1914,300,31,20.6289
1915,555,31,20.6343
1916,310,31,20.6397
1916,446,31,20.6397
1917,372,31,20.6451
1918,494,31,20.6505
1918,900,31,20.6505
1919,65,31,20.6559
1919,620,31,20.6559
1920,930,31,20.6613
1921,61,31,20.6667
1921,63,31,20.6667
1922,61,31,20.672
1922,63,31,20.672
1922,123,31,20.672
1922,125,31,20.672
1922,185,31,20.672
1922,187,31,20.672
1922,247,31,20.672
1922,249,31,20.672
1922,309,31,20.672
1922,311,31,20.672
1922,371,31,20.672
1922,373,31,20.672
1922,433,31,20.672
1922,435,31,20.672
1922,495,31,20.672
1922,497,31,20.672
1922,557,31,20.672
1922,559,31,20.672
1922,619,31,20.672
1922,621,31,20.672
1922,681,31,20.672
1922,683,31,20.672
1922,743,31,20.672
1922,745,31,20.672
1922,805,31,20.672
1922,807,31,20.672
1922,867,31,20.672
1922,869,31,20.672
1922,900,31,20.672
1922,929,31,20.672
1922,931,31,20.672
1923,61,31,20.6774
1923,63,31,20.6774
1923,662,31,20.6774
1924,450,31,20.6828
1924,932,31,20.6828
1925,622,31,20.6881
1925,783,31,20.6881
1926,300,31,20.6935
1926,496,31,20.6935
1927,374,31,20.6989
1927,541,31,20.6989
1928,312,31,20.7042
1928,708,31,20.7042
1929,421,31,20.7095
1929,559,31,20.7095
1930,180,31,20.7149
1930,248,31,20.7149
1931,182,31,20.7202
1931,435,31,20.7202
1932,188,31,20.7255
1933,303,31,20.7308
1933,874,31,20.7308
1934,424,31,20.7362
1934,810,31,20.7362
1935,748,31,20.7415
1935,908,31,20.7415
1936,688,31,20.7468
1936,840,31,20.7468
1937,126,31,20.7521
1937,907,31,20.7521
1938,124,31,20.7574
1938,546,31,20.7574
1939,302,31,20.7626
1939,687,31,20.7626
1940,752,31,20.7679
1941,181,31,20.7732
1941,815,31,20.7732
1942,788,31,20.7785
1942,876,31,20.7785
1943,187,31,20.7837
1943,426,31,20.7837
1944,440,31,20.789
1945,252,31,20.7942
1945,548,31,20.7942
1946,566,31,20.7995
1946,668,31,20.7995
1947,313,31,20.8047
1947,790,31,20.8047
1948,66,31,20.81
1948,376,31,20.81
1949,504,31,20.8152
1949,669,31,20.8152
1950,60,31,20.8204
1950,628,31,20.8204
1951,60,31,20.8256
1951,943,31,20.8256
1952,64,31,20.8309
1953,62,31,20.8361
1953,64,31,20.8361
1953,125,31,20.8361
1953,127,31,20.8361
1953,188,31,20.8361
1953,190,31,20.8361
1953,251,31,20.8361
1953,253,31,20.8361
1953,314,31,20.8361
1953,316,31,20.8361
1953,377,31,20.8361
1953,379,31,20.8361
1953,440,31,20.8361
1953,442,31,20.8361
1953,503,31,20.8361
1953,505,31,20.8361
1953,566,31,20.8361
1953,568,31,20.8361
1953,629,31,20.8361
1953,631,31,20.8361
1953,692,31,20.8361
1953,694,31,20.8361
1953,755,31,20.8361
1953,757,31,20.8361
1953,818,31,20.8361
1953,820,31,20.8361
1953,881,31,20.8361
1953,883,31,20.8361
1953,944,31,20.8361
1953,946,31,20.8361
1954,62,31,20.8413
1955,673,31,20.8465
1955,947,31,20.8465
1956,632,31,20.8517
1957,504,31,20.8569
1957,796,31,20.8569
1958,380,31,20.862
1959,317,31,20.8672
1959,550,31,20.8672
1960,568,31,20.8724
1961,252,31,20.8776
1961,428,31,20.8776
1962,442,31,20.8827
1963,185,31,20.8879
1963,191,31,20.8879
1964,888,31,20.893
1965,308,31,20.8982
1965,823,31,20.8982
1966,760,31,20.9033
1967,699,31,20.9084
1967,923,31,20.9084
1968,128,31,20.9136
1969,126,31,20.9187
1969,922,31,20.9187
1970,698,31,20.9238
1971,307,31,20.9289
1971,764,31,20.9289
1972,828,31,20.934
1973,184,31,20.9391
1973,890,31,20.9391
1974,190,31,20.9442
1975,433,31,20.9493
1975,447,31,20.9493
1976,256,31,20.9544
1977,557,31,20.9595
1977,575,31,20.9595
1978,318,31,20.9646
1979,382,31,20.9697
1979,803,31,20.9697
1980,512,31,20.9747
1981,638,31,20.9798
1981,680,31,20.9798
1982,958,31,20.9849
1983,61,31,20.9899
1983,65,31,20.9899
1985,63,31,21.
1986,962,32,21.0055
1987,642,32,21.0111
1987,684,32,21.0111
1988,512,32,21.0166
1989,386,32,21.0221
1989,809,32,21.0221
1990,322,32,21.0277
1991,559,32,21.0332
1991,577,32,21.0332
1992,256,32,21.0387
1993,435,32,21.0442
1993,449,32,21.0442
1994,194,32,21.0497
1995,188,32,21.0552
1995,902,32,21.0552
1996,836,32,21.0607
1997,313,32,21.0661
1997,772,32,21.0661
1998,710,32,21.0716
1999,130,32,21.0771
1999,938,32,21.0771
2000,128,32,21.0825
2000,128,32,21.082541270635318
2001,709,32,21.088
2001,937,32,21.088
2002,776,32,21.09345327336332
2003,312,32,21.0989010989011
2003,841,32,21.0989010989011
2004,904,32,21.10434348477284
2005,187,32,21.109780439121757
2005,193,32,21.109780439121757
2006,454,32,21.115211970074814
2007,260,32,21.120638085742772
2007,440,32,21.120638085742772
2008,584,32,21.126058794220228
2009,323,32,21.131474103585656
2009,566,32,21.131474103585656
2010,388,32,21.136884021901444
2011,520,32,21.14228855721393
2011,816,32,21.14228855721393
2012,648,32,21.147687717553456
2013,691,32,21.153081510934392
2013,973,32,21.153081510934392
2014,66,32,21.15846994535519
2015,62,32,21.16385302879841
2016,62,32,21.16923076923077
2016,64,32,21.16923076923077
2016,188,32,21.16923076923077
2016,190,32,21.16923076923077
2016,314,32,21.16923076923077
2016,316,32,21.16923076923077
2016,440,32,21.16923076923077
2016,442,32,21.16923076923077
2016,566,32,21.16923076923077
2016,568,32,21.16923076923077
2016,692,32,21.16923076923077
2016,694,32,21.16923076923077
2016,818,32,21.16923076923077
2016,820,32,21.16923076923077
2016,944,32,21.16923076923077
2016,946,32,21.16923076923077
2017,64,32,21.174603174603174
2017,977,32,21.174603174603174
2018,652,32,21.17997025285077
2019,520,32,21.185332011892964
2019,695,32,21.185332011892964
2019,978,32,21.185332011892964
2020,392,32,21.19068845963348
2021,327,32,21.196039603960397
2021,489,32,21.196039603960397
2021,653,32,21.196039603960397
2021,822,32,21.196039603960397
2022,586,32,21.201385452746166
2023,260,32,21.206726013847675
2023,521,32,21.206726013847675
2023,568,32,21.206726013847675
2023,796,32,21.206726013847675
2024,456,32,21.212061295106277
2025,197,32,21.217391304347824
2025,393,32,21.217391304347824
2025,442,32,21.217391304347824
2026,916,32,21.222716049382715
2027,191,32,21.228035538005923
2027,328,32,21.228035538005923
2027,849,32,21.228035538005923
2027,859,32,21.228035538005923
2028,784,32,21.23334977799704
2029,245,32,21.238658777120314
2029,318,32,21.238658777120314
2029,588,32,21.238658777120314
2029,721,32,21.238658777120314
2030,132,32,21.24396254312469
2031,130,32,21.249261083743843
2031,261,32,21.249261083743843
2031,953,32,21.249261083743843
2032,720,32,21.254554406696208
2033,458,32,21.25984251968504
2033,617,32,21.25984251968504
2033,788,32,21.25984251968504
2033,952,32,21.25984251968504
2034,854,32,21.265125430398427
2035,198,32,21.27040314650934
2035,317,32,21.27040314650934
2035,918,32,21.27040314650934
2036,196,32,21.275675675675675
2037,190,32,21.280943025540275
2037,461,32,21.280943025540275
2037,921,32,21.280943025540275
2038,264,32,21.286205203730976
2039,308,32,21.291462217860648
2039,447,32,21.291462217860648
2039,593,32,21.291462217860648
2039,854,32,21.291462217860648
2040,328,32,21.29671407552722
2041,394,32,21.301960784313724
2041,432,32,21.301960784313724
2041,575,32,21.301960784313724
2041,789,32,21.301960784313724
2042,528,32,21.307202351788337
2043,658,32,21.31243878550441
2043,726,32,21.31243878550441
2043,829,32,21.31243878550441
2044,988,32,21.31767009300049
2045,67,32,21.322896281800393
2045,123,32,21.322896281800393
2045,133,32,21.322896281800393
2045,702,32,21.322896281800393
2047,63,32,21.333333333333332
2047,65,32,21.333333333333332
2047,125,32,21.333333333333332
2047,131,32,21.333333333333332
2048,63,32,21.338544211040546
2048,65,32,21.338544211040546
2048,191,32,21.338544211040546
2048,193,32,21.338544211040546
2048,319,32,21.338544211040546
2048,321,32,21.338544211040546
2048,447,32,21.338544211040546
2048,449,32,21.338544211040546
2048,575,32,21.338544211040546
2048,577,32,21.338544211040546
2048,703,32,21.338544211040546
2048,705,32,21.338544211040546
2048,831,32,21.338544211040546
2048,833,32,21.338544211040546
2048,959,32,21.338544211040546
2048,961,32,21.338544211040546
2048,992,32,21.338544211040546
2049,63,32,21.34375
2049,65,32,21.34375
2049,662,32,21.34375
2049,726,32,21.34375
2050,496,32,21.348950707662276
2051,436,32,21.354146341463416
2051,704,32,21.354146341463416
2051,795,32,21.354146341463416
2051,807,32,21.354146341463416
2053,312,32,21.364522417153996
2053,833,32,21.364522417153996
2053,862,32,21.364522417153996
2053,870,32,21.364522417153996
2054,248,32,21.369702873843156
2055,579,32,21.37487828627069
2055,927,32,21.37487828627069
2056,624,32,21.380048661800487
2057,198,32,21.3852140077821
2057,451,32,21.3852140077821
2059,192,32,21.3955296404276
2059,311,32,21.3955296404276
2059,466,32,21.3955296404276
2059,623,32,21.3955296404276
2060,436,32,21.400679941719282
2061,267,32,21.405825242718446
2061,321,32,21.405825242718446
2062,124,32,21.41096555070354
2063,126,32,21.416100872938895
2063,251,32,21.416100872938895
2063,600,32,21.416100872938895
2063,966,32,21.416100872938895
2065,332,32,21.426356589147286
2065,439,32,21.426356589147286
2065,877,32,21.426356589147286
2065,969,32,21.426356589147286
2066,314,32,21.43147699757869
2067,324,32,21.436592449177155
2067,399,32,21.436592449177155
2069,195,32,21.4468085106383
2069,535,32,21.4468085106383
2069,626,32,21.4468085106383
2069,816,32,21.4468085106383
2071,252,32,21.457004830917874
2071,452,32,21.457004830917874
2071,503,32,21.457004830917874
2071,667,32,21.457004830917874
2072,880,32,21.462095605987447
2073,582,32,21.46718146718147
2073,1002,32,21.46718146718147
2074,818,32,21.47226242161119
2075,68,32,21.477338476374157
2075,504,32,21.477338476374157
2075,844,32,21.477338476374157
2075,1007,32,21.477338476374157
2077,62,32,21.48747591522158
2077,715,32,21.48747591522158
2077,1008,32,21.48747591522158
2078,62,32,21.492537313432837
2079,66,32,21.49759384023099
2080,64,32,21.502645502645503
2080,66,32,21.502645502645503
2080,194,32,21.502645502645503
2080,196,32,21.502645502645503
2080,324,32,21.502645502645503
2080,326,32,21.502645502645503
2080,454,32,21.502645502645503
2080,456,32,21.502645502645503
2080,584,32,21.502645502645503
2080,586,32,21.502645502645503
2080,714,32,21.502645502645503
2080,716,32,21.502645502645503
2080,844,32,21.502645502645503
2080,846,32,21.502645502645503
2080,974,32,21.502645502645503
2080,976,32,21.502645502645503
2081,64,32,21.50769230769231
2081,1008,32,21.50769230769231
2083,504,32,21.517771373679153
2083,715,32,21.517771373679153
2084,820,32,21.522803648583775
2085,846,32,21.527831094049905
2086,884,32,21.532853717026377
2087,252,32,21.537871524448704
2087,588,32,21.537871524448704
2089,458,32,21.547892720306514
2089,634,32,21.547892720306514
2091,195,32,21.557894736842105
2092,316,32,21.56288857006217
2093,326,32,21.567877629063098
2093,443,32,21.567877629063098
2095,126,32,21.577841451766954
2095,981,32,21.577841451766954
2096,128,32,21.582816229116943
2097,984,32,21.587786259541986
2098,446,32,21.592751549833096
2099,319,32,21.597712106768352
2099,329,32,21.597712106768352
2101,198,32,21.607619047619046
2102,636,32,21.612565445026178
2103,459,32,21.617507136060894
2104,256,32,21.622444127436996
2105,591,32,21.627376425855513
2105,894,32,21.627376425855513
2107,831,32,21.637226970560302
2107,857,32,21.637226970560302
2108,512,32,21.642145230185097
2109,726,32,21.647058823529413
2110,1024,32,21.651967757230913
2111,63,32,21.65687203791469
2111,67,32,21.65687203791469
2113,65,32,21.666666666666668
2114,1024,33,21.67203028868907
2115,726,33,21.677388836329232
2116,512,33,21.68274231678487
2117,684,33,21.688090737240074
2117,833,33,21.688090737240074
2117,859,33,21.688090737240074
2119,597,33,21.69877242681775
2119,898,33,21.69877242681775
2120,256,33,21.70410571024068
2121,465,33,21.70943396226415
2122,644,33,21.714757190004715
2123,198,33,21.720075400565506
2125,321,33,21.73069679849341
2125,331,33,21.73069679849341
2126,450,33,21.736
2127,996,33,21.741298212605834
2128,128,33,21.746591443347437
2129,130,33,21.75187969924812
2129,999,33,21.75187969924812
2131,334,33,21.76244131455399
2131,453,33,21.76244131455399
2132,324,33,21.767714687939936
2133,201,33,21.77298311444653
2135,466,33,21.783505154639176
2135,646,33,21.783505154639176
2137,260,33,21.794007490636705
2137,600,33,21.794007490636705
2138,908,33,21.799251286850726
2139,870,33,21.804490177736202
2140,844,33,21.809724170172977
2141,520,33,21.81495327102804
2141,737,33,21.81495327102804
2143,68,33,21.825396825396826
2143,1040,33,21.825396825396826
2144,64,33,21.830611292580496
2145,64,33,21.83582089552239
2145,66,33,21.83582089552239
2145,129,33,21.83582089552239
2145,131,33,21.83582089552239
2145,259,33,21.83582089552239
2145,261,33,21.83582089552239
2145,324,33,21.83582089552239
2145,326,33,21.83582089552239
2145,454,33,21.83582089552239
2145,456,33,21.83582089552239
2145,519,33,21.83582089552239
2145,521,33,21.83582089552239
2145,649,33,21.83582089552239
2145,651,33,21.83582089552239
2145,844,33,21.83582089552239
2145,846,33,21.83582089552239
2145,909,33,21.83582089552239
2145,911,33,21.83582089552239
2145,1039,33,21.83582089552239
2145,1041,33,21.83582089552239
2146,66,33,21.84102564102564
2147,737,33,21.84622553588071
2147,1040,33,21.84622553588071
2148,694,33,21.851420586865395
2149,520,33,21.85661080074488
2149,872,33,21.85661080074488
2150,738,33,21.861796184271753
2150,846,33,21.861796184271753
2151,606,33,21.866976744186047
2152,444,33,21.87215248721525
2152,912,33,21.87215248721525
2153,260,33,21.87732342007435
2153,472,33,21.87732342007435
2154,874,33,21.882489549465863
2155,201,33,21.88765088207985
2155,654,33,21.88765088207985
2156,318,33,21.89280742459397
2157,336,33,21.897959183673468
2158,326,33,21.903106165971256
2158,608,33,21.903106165971256
2159,457,33,21.908248378127897
2159,1011,33,21.908248378127897
2160,952,33,21.913385826771652
2161,130,33,21.918518518518518
2161,1014,33,21.918518518518518
2162,132,33,21.923646459972236
2162,474,33,21.923646459972236
2163,339,33,21.92876965772433
2164,190,33,21.933888118354137
2164,460,33,21.933888118354137
2165,204,33,21.939001848428834
2165,329,33,21.939001848428834
2166,202,33,21.944110854503464
2167,473,33,21.94921514312096
2168,656,33,21.95431472081218
2168,828,33,21.95431472081218
2169,609,33,21.95940959409594
2170,264,33,21.964499769479023
2170,338,33,21.964499769479023
2171,883,33,21.96958525345622
2171,922,33,21.96958525345622
2172,574,33,21.974666052510365
2173,748,33,21.97974217311234
2173,857,33,21.97974217311234
2174,528,33,21.984813621721123
2174,1018,33,21.984813621721123
2175,69,33,21.989880404783808
2176,1056,33,21.99494252873563
2177,65,33,22.
2177,67,33,22.
2178,65,33,22.005052824988518
2178,67,33,22.005052824988518
2178,131,33,22.005052824988518
2178,133,33,22.005052824988518
2178,263,33,22.005052824988518
2178,265,33,22.005052824988518
2178,329,33,22.005052824988518
2178,331,33,22.005052824988518
2178,461,33,22.005052824988518
2178,463,33,22.005052824988518
2178,527,33,22.005052824988518
2178,529,33,22.005052824988518
2178,659,33,22.005052824988518
2178,661,33,22.005052824988518
2178,857,33,22.005052824988518
2178,859,33,22.005052824988518
2178,923,33,22.005052824988518
2178,925,33,22.005052824988518
2178,1022,33,22.005052824988518
2178,1055,33,22.005052824988518
2178,1057,33,22.005052824988518
2179,65,33,22.01010101010101
2179,67,33,22.01010101010101
2179,704,33,22.01010101010101
2179,748,33,22.01010101010101
2180,578,33,22.015144561725563
2180,1058,33,22.015144561725563
2181,450,33,22.020183486238533
2182,342,33,22.025217790004586
2182,530,33,22.025217790004586
2183,322,33,22.03024747937672
2183,861,33,22.03024747937672
2184,836,33,22.03527256069629
2185,928,33,22.04029304029304
2185,963,33,22.04029304029304
2186,206,33,22.045308924485127
2186,266,33,22.045308924485127
2187,192,33,22.05032021957914
2188,194,33,22.05532693187014
2188,662,33,22.05532693187014
2189,836,33,22.060329067641682
2190,478,33,22.065326633165828
2191,333,33,22.070319634703196
2191,579,33,22.070319634703196
2192,466,33,22.075308078502967
2192,968,33,22.075308078502967
2194,134,33,22.085271317829456
2194,616,33,22.085271317829456
2195,132,33,22.09024612579763
2195,582,33,22.09024612579763
2196,322,33,22.095216400911163
2197,465,33,22.100182149362478
2197,841,33,22.100182149362478
2198,332,33,22.105143377332727
2198,894,33,22.105143377332727
2199,195,33,22.11010009099181
2200,452,33,22.11505229649841
2201,668,33,22.12
2201,972,33,22.12
2202,758,33,22.124943207632896
2203,266,33,22.129881925522252
2203,323,33,22.129881925522252
2204,714,33,22.134816159782115
2204,934,33,22.134816159782115
2205,453,33,22.139745916515427
2206,70,33,22.14467120181406
2206,868,33,22.14467120181406
2207,534,33,22.14959202175884
2207,715,33,22.14959202175884
2208,64,33,22.154508382419575
2209,64,33,22.159420289855074
2209,1070,33,22.159420289855074
2210,68,33,22.164327750113173
2211,66,33,22.16923076923077
2211,68,33,22.16923076923077
2211,133,33,22.16923076923077
2211,135,33,22.16923076923077
2211,267,33,22.16923076923077
2211,269,33,22.16923076923077
2211,334,33,22.16923076923077
2211,336,33,22.16923076923077
2211,468,33,22.16923076923077
2211,470,33,22.16923076923077
2211,535,33,22.16923076923077
2211,537,33,22.16923076923077
2211,669,33,22.16923076923077
2211,671,33,22.16923076923077
2211,870,33,22.16923076923077
2211,872,33,22.16923076923077
2211,937,33,22.16923076923077
2211,939,33,22.16923076923077
2211,1071,33,22.16923076923077
2211,1073,33,22.16923076923077
2212,66,33,22.17412935323383
2213,715,33,22.179023508137433
2213,1074,33,22.179023508137433
2215,457,33,22.188798554652212
2215,538,33,22.188798554652212
2216,874,33,22.193679458239277
2217,327,33,22.1985559566787
2218,942,33,22.20342805593144
2219,270,33,22.2082957619477
2219,978,33,22.2082957619477
2221,195,33,22.218018018018018
2221,672,33,22.218018018018018
2223,849,33,22.22772277227723
2224,338,33,22.232568600989655
2225,473,33,22.237410071942445
2225,588,33,22.237410071942445
2227,136,33,22.247079964061097
2228,134,33,22.251908396946565
2229,591,33,22.25673249551167
2230,472,33,22.261552265589952
2231,337,33,22.266367713004485
2231,854,33,22.266367713004485
2233,198,33,22.275985663082437
2234,678,33,22.2807881773399
2235,987,33,22.285586392121754
2236,270,33,22.290380313199105
2237,328,33,22.295169946332738
2237,948,33,22.295169946332738
2239,460,33,22.3047363717605
2239,881,33,22.3047363717605
2240,542,33,22.30951317552479
2241,726,33,22.314285714285713
2242,1086,33,22.31905399375279
2243,65,33,22.323818019625335
2243,69,33,22.323818019625335
2245,67,33,22.333333333333332
2246,1090,34,22.338530066815146
2247,726,34,22.34372217275156
2248,546,34,22.34890965732087
2249,464,34,22.35409252669039
2249,772,34,22.35409252669039
2249,887,34,22.35409252669039
2251,332,34,22.364444444444445
2251,956,34,22.364444444444445
2252,274,34,22.36961350510884
2253,993,34,22.374777975133213
2254,682,34,22.37993786063027
2255,198,34,22.385093167701864
2257,343,34,22.395390070921987
2257,862,34,22.395390070921987
2258,480,34,22.400531679220204
2259,597,34,22.405668733392382
2260,138,34,22.4108012394865
2261,136,34,22.41592920353982
2263,479,34,22.426171529619804
2263,600,34,22.426171529619804
2264,342,34,22.431285903667696
2265,867,34,22.436395759717314
2267,201,34,22.446601941747574
2267,688,34,22.446601941747574
2269,274,34,22.45679012345679
2269,1002,34,22.45679012345679
2270,962,34,22.461877479065667
2271,333,34,22.46696035242291
2272,894,34,22.47203874944958
2273,467,34,22.47711267605634
2273,550,34,22.47711267605634
2275,737,34,22.487247141600704
2275,1102,34,22.487247141600704
2276,70,34,22.49230769230769
2277,66,34,22.497363796133566
2278,66,34,22.502415458937197
2278,68,34,22.502415458937197
2278,200,34,22.502415458937197
2278,202,34,22.502415458937197
2278,334,34,22.502415458937197
2278,336,34,22.502415458937197
2278,468,34,22.502415458937197
2278,470,34,22.502415458937197
2278,602,34,22.502415458937197
2278,604,34,22.502415458937197
2278,736,34,22.502415458937197
2278,738,34,22.502415458937197
2278,870,34,22.502415458937197
2278,872,34,22.502415458937197
2278,1004,34,22.502415458937197
2278,1006,34,22.502415458937197
2279,68,34,22.507462686567163
2279,1106,34,22.507462686567163
2281,554,34,22.517543859649123
2281,737,34,22.517543859649123
2281,783,34,22.517543859649123
2281,1107,34,22.517543859649123
2282,900,34,22.52257781674704
2283,471,34,22.52760736196319
2283,588,34,22.52760736196319
2284,970,34,22.53263250109505
2285,278,34,22.53765323992995
2285,337,34,22.53765323992995
2285,555,34,22.53765323992995
2287,393,34,22.547681539807524
2287,692,34,22.547681539807524
2287,902,34,22.547681539807524
2287,1008,34,22.547681539807524
2289,201,34,22.557692307692307
2290,348,34,22.56269113149847
2291,487,34,22.56768558951965
2291,850,34,22.56768558951965
2291,875,34,22.56768558951965
2291,973,34,22.56768558951965
2293,140,34,22.577661431064573
2293,263,34,22.577661431064573
2293,279,34,22.577661431064573
2293,606,34,22.577661431064573
2294,138,34,22.58264282599215
2296,486,34,22.59259259259259
2297,347,34,22.597560975609756
2297,609,34,22.597560975609756
2297,695,34,22.597560975609756
2297,1051,34,22.597560975609756
2299,198,34,22.607484769364664
2299,880,34,22.607484769364664
2300,698,34,22.61244019138756
2301,204,34,22.617391304347827
2301,525,34,22.617391304347827
2302,278,34,22.622338113863538
2303,350,34,22.627280625543005
2303,976,34,22.627280625543005
2303,1017,34,22.627280625543005
2305,338,34,22.63715277777778
2305,490,34,22.63715277777778
2305,907,34,22.63715277777778
2306,558,34,22.642082429501084
2307,474,34,22.647007805724197
2307,726,34,22.647007805724197
2308,1118,34,22.651928912006934
2309,71,34,22.65684575389948
2309,131,34,22.65684575389948
2309,141,34,22.65684575389948
2309,748,34,22.65684575389948
2311,67,34,22.666666666666668
2311,69,34,22.666666666666668
2311,133,34,22.666666666666668
2311,139,34,22.666666666666668
2312,67,34,22.671570748593684
2312,69,34,22.671570748593684
2312,203,34,22.671570748593684
2312,205,34,22.671570748593684
2312,339,34,22.671570748593684
2312,341,34,22.671570748593684
2312,475,34,22.671570748593684
2312,477,34,22.671570748593684
2312,611,34,22.671570748593684
2312,613,34,22.671570748593684
2312,747,34,22.671570748593684
2312,749,34,22.671570748593684
2312,883,34,22.671570748593684
2312,885,34,22.671570748593684
2312,1019,34,22.671570748593684
2312,1021,34,22.671570748593684
2312,1122,34,22.671570748593684
2313,67,34,22.676470588235293
2313,69,34,22.676470588235293
2313,726,34,22.676470588235293
2313,794,34,22.676470588235293
2314,596,34,22.68136619109382
2315,490,34,22.686257562662057
2315,750,34,22.686257562662057
2316,398,34,22.691144708423327
2317,350,34,22.696027633851468
2317,476,34,22.696027633851468
2318,860,34,22.700906344410875
2319,266,34,22.705780845556514
2319,340,34,22.705780845556514
2319,531,34,22.705780845556514
2321,198,34,22.71551724137931
2321,1025,34,22.71551724137931
2321,1062,34,22.71551724137931
2322,200,34,22.72037914691943
2323,206,34,22.725236864771748
2323,530,34,22.725236864771748
2323,705,34,22.725236864771748
2323,1061,34,22.725236864771748
2325,890,34,22.734939759036145
2326,732,34,22.739784946236558
2327,132,34,22.74462596732588
2327,265,34,22.74462596732588
2327,281,34,22.74462596732588
2327,617,34,22.74462596732588
2328,134,34,22.749462827675117
2329,731,34,22.754295532646047
2329,866,34,22.754295532646047
2329,987,34,22.754295532646047
2331,616,34,22.763948497854077
2332,534,34,22.76876876876877
2333,199,34,22.77358490566038
2333,399,34,22.77358490566038
2333,891,34,22.77358490566038
2333,918,34,22.77358490566038
2334,1066,34,22.778396913844833
2335,205,34,22.78320479862896
2335,565,34,22.78320479862896
2336,266,34,22.78800856531049
2337,600,34,22.79280821917808
2337,869,34,22.79280821917808
2337,1030,34,22.79280821917808
2339,345,34,22.802395209580837
2339,400,34,22.802395209580837
2339,801,34,22.802395209580837
2339,1133,34,22.802395209580837
2341,72,34,22.811965811965813
2341,483,34,22.811965811965813
2341,601,34,22.811965811965813
2341,1138,34,22.811965811965813
2342,802,34,22.816744980777447
2343,66,34,22.821520068317678
2343,757,34,22.821520068317678
2343,1139,34,22.821520068317678
2344,66,34,22.826291079812208
2345,70,34,22.831058020477816
2346,68,34,22.83582089552239
2346,70,34,22.83582089552239
2346,206,34,22.83582089552239
2346,208,34,22.83582089552239
2346,344,34,22.83582089552239
2346,346,34,22.83582089552239
2346,482,34,22.83582089552239
2346,484,34,22.83582089552239
2346,620,34,22.83582089552239
2346,622,34,22.83582089552239
2346,758,34,22.83582089552239
2346,760,34,22.83582089552239
2346,896,34,22.83582089552239
2346,898,34,22.83582089552239
2346,1034,34,22.83582089552239
2346,1036,34,22.83582089552239
2347,68,34,22.840579710144926
2347,1139,34,22.840579710144926
2348,806,34,22.845334469535576
2349,605,34,22.850085178875638
2349,761,34,22.850085178875638
2351,404,34,22.859574468085107
2351,483,34,22.859574468085107
2353,345,34,22.86904761904762
2353,873,34,22.86904761904762
2354,270,34,22.873778155546113
2355,1040,34,22.878504672897197
2356,1078,34,22.883227176220807
2357,203,34,22.887945670628184
2357,209,34,22.887945670628184
2358,538,34,22.892660161221894
2359,903,34,22.897370653095845
2361,626,34,22.906779661016948
2361,743,34,22.906779661016948
2362,134,34,22.91147818720881
2363,136,34,22.916172734970363
2364,742,34,22.92086330935252
2365,625,34,22.92554991539763
2367,542,34,22.93491124260355
2367,904,34,22.93491124260355
2368,202,34,22.939585973806505
2369,208,34,22.944256756756758
2369,1082,34,22.944256756756758
2371,270,34,22.953586497890296
2371,1045,34,22.953586497890296
2372,882,34,22.95824546604808
2373,350,34,22.96290050590219
2374,406,34,22.967551622418878
2375,490,34,22.972198820556024
2376,610,34,22.97684210526316
2377,768,34,22.98148148148148
2377,814,34,22.98148148148148
2378,1156,34,22.986116954143878
2379,67,34,22.990748528174937
2379,71,34,22.990748528174937
2381,69,34,23.
2382,1156,35,23.005039899202014
2383,772,35,23.01007556675063
2383,818,35,23.01007556675063
2384,614,35,23.015107007973143
2385,490,35,23.02013422818792
2386,410,35,23.0251572327044
2387,350,35,23.030176026823135
2388,886,35,23.035190615835777
2389,274,35,23.040201005025125
2389,1055,35,23.040201005025125
2391,212,35,23.05020920502092
2391,1094,35,23.05020920502092
2392,206,35,23.055207026348807
2393,546,35,23.06020066889632
2393,916,35,23.06020066889632
2395,635,35,23.07017543859649
2396,754,35,23.075156576200417
2397,136,35,23.080133555926544
2398,138,35,23.085106382978722
2399,634,35,23.090075062552128
2399,753,35,23.090075062552128
2401,917,35,23.1
2402,550,35,23.104956268221574
2403,205,35,23.10990840965862
2403,211,35,23.10990840965862
2404,1098,35,23.11485642946317
2405,1060,35,23.119800332778702
2406,274,35,23.124740124740125
2407,355,35,23.129675810473817
2407,895,35,23.129675810473817
2409,412,35,23.13953488372093
2409,497,35,23.13953488372093
2411,619,35,23.149377593360995
2411,779,35,23.149377593360995
2412,826,35,23.154292824554126
2413,72,35,23.1592039800995
2413,1173,35,23.1592039800995
2414,68,35,23.164111065064237
2415,68,35,23.169014084507044
2415,70,35,23.169014084507044
2415,137,35,23.169014084507044
2415,139,35,23.169014084507044
2415,206,35,23.169014084507044
2415,208,35,23.169014084507044
2415,275,35,23.169014084507044
2415,277,35,23.169014084507044
2415,413,35,23.169014084507044
2415,415,35,23.169014084507044
2415,551,35,23.169014084507044
2415,553,35,23.169014084507044
2415,620,35,23.169014084507044
2415,622,35,23.169014084507044
2415,758,35,23.169014084507044
2415,760,35,23.169014084507044
2415,827,35,23.169014084507044
2415,829,35,23.169014084507044
2415,896,35,23.169014084507044
2415,898,35,23.169014084507044
2415,1103,35,23.169014084507044
2415,1105,35,23.169014084507044
2415,1172,35,23.169014084507044
2415,1174,35,23.169014084507044
2416,70,35,23.17391304347826
2417,783,35,23.178807947019866
2417,1173,35,23.178807947019866
2418,830,35,23.183698800165494
2419,497,35,23.188585607940446
2419,623,35,23.188585607940446
2420,784,35,23.19346837536172
2421,355,35,23.198347107438018
2421,416,35,23.198347107438018
2422,470,35,23.203221809169765
2423,899,35,23.208092485549134
2423,1070,35,23.208092485549134
2424,278,35,23.21295914156005
2424,498,35,23.21295914156005
2425,215,35,23.217821782178216
2426,336,35,23.222680412371133
2426,1110,35,23.222680412371133
2427,209,35,23.227535037098104
2427,929,35,23.227535037098104
2428,356,35,23.23238566131026
2428,554,35,23.23238566131026
2429,644,35,23.237232289950576
2431,765,35,23.246913580246915
2432,138,35,23.251748251748253
2432,1074,35,23.251748251748253
2433,140,35,23.25657894736842
2433,643,35,23.25657894736842
2434,764,35,23.261405672009865
2434,878,35,23.261405672009865
2435,930,35,23.26622843056697
2436,216,35,23.27104722792608
2437,214,35,23.275862068965516
2437,558,35,23.275862068965516
2438,208,35,23.280672958555602
2438,744,35,23.280672958555602
2439,1075,35,23.285479901558656
2439,1114,35,23.285479901558656
2440,934,35,23.290282902829027
2441,278,35,23.295081967213115
2441,360,35,23.295081967213115
2442,908,35,23.299877099549366
2443,504,35,23.304668304668304
2444,418,35,23.30945558739255
2444,648,35,23.30945558739255
2445,790,35,23.314238952536826
2446,628,35,23.319018404907975
2446,1156,35,23.319018404907975
2447,73,35,23.32379394930499
2447,838,35,23.32379394930499
2448,1190,35,23.328565590519002
2449,69,35,23.333333333333332
2449,71,35,23.333333333333332
2450,69,35,23.33809718252348
2450,71,35,23.33809718252348
2450,139,35,23.33809718252348
2450,141,35,23.33809718252348
2450,209,35,23.33809718252348
2450,211,35,23.33809718252348
2450,279,35,23.33809718252348
2450,281,35,23.33809718252348
2450,419,35,23.33809718252348
2450,421,35,23.33809718252348
2450,559,35,23.33809718252348
2450,561,35,23.33809718252348
2450,629,35,23.33809718252348
2450,631,35,23.33809718252348
2450,769,35,23.33809718252348
2450,771,35,23.33809718252348
2450,839,35,23.33809718252348
2450,841,35,23.33809718252348
2450,909,35,23.33809718252348
2450,911,35,23.33809718252348
2450,1119,35,23.33809718252348
2450,1121,35,23.33809718252348
2450,1156,35,23.33809718252348
2450,1189,35,23.33809718252348
2450,1191,35,23.33809718252348
2451,69,35,23.34285714285714
2451,71,35,23.34285714285714
2451,794,35,23.34285714285714
2452,648,35,23.347613219094246
2452,1192,35,23.347613219094246
2453,476,35,23.35236541598695
2453,840,35,23.35236541598695
2454,630,35,23.357113738279658
2455,340,35,23.361858190709047
2456,420,35,23.36659877800407
2456,938,35,23.36659877800407
2458,752,35,23.376068376068375
2458,914,35,23.376068376068375
2459,280,35,23.38079739625712
2459,887,35,23.38079739625712
2460,216,35,23.385522570150467
2461,751,35,23.390243902439025
2461,1124,35,23.390243902439025
2462,210,35,23.39496139780577
2462,890,35,23.39496139780577
2463,564,35,23.399675060926075
2464,1086,35,23.40438489646772
2465,1165,35,23.40909090909091
2466,774,35,23.413793103448278
2467,142,35,23.418491484184916
2467,1164,35,23.418491484184916
2468,140,35,23.423186055938388
2468,364,35,23.423186055938388
2469,777,35,23.427876823338735
2470,344,35,23.432563791008505
2471,756,35,23.437246963562753
2472,510,35,23.441926345609065
2472,564,35,23.441926345609065
2473,213,35,23.446601941747574
2473,894,35,23.446601941747574
2474,482,35,23.451273756570966
2474,1132,35,23.451273756570966
2476,284,35,23.46060606060606
2476,800,35,23.46060606060606
2477,345,35,23.465266558966075
2477,919,35,23.465266558966075
2479,426,35,23.47457627118644
2479,483,35,23.47457627118644
2480,74,35,23.479225494150867
2481,639,35,23.483870967741936
2482,68,35,23.48851269649335
2482,852,35,23.48851269649335
2483,68,35,23.493150684931507
2483,1205,35,23.493150684931507
2484,72,35,23.497784937575513
2485,70,35,23.502415458937197
2485,72,35,23.502415458937197
2485,141,35,23.502415458937197
2485,143,35,23.502415458937197
2485,212,35,23.502415458937197
2485,214,35,23.502415458937197
2485,283,35,23.502415458937197
2485,285,35,23.502415458937197
2485,425,35,23.502415458937197
2485,427,35,23.502415458937197
2485,567,35,23.502415458937197
2485,569,35,23.502415458937197
2485,638,35,23.502415458937197
2485,640,35,23.502415458937197
2485,780,35,23.502415458937197
2485,782,35,23.502415458937197
2485,851,35,23.502415458937197
2485,853,35,23.502415458937197
2485,922,35,23.502415458937197
2485,924,35,23.502415458937197
2485,1135,35,23.502415458937197
2485,1137,35,23.502415458937197
2485,1206,35,23.502415458937197
2485,1208,35,23.502415458937197
2486,70,35,23.507042253521128
2487,1209,35,23.51166532582462
2488,852,35,23.516284680337755
2489,483,35,23.520900321543408
2489,639,35,23.520900321543408
2491,345,35,23.53012048192771
2491,426,35,23.53012048192771
2493,927,35,23.53932584269663
2494,284,35,23.543922984356197
2495,900,35,23.54851643945469
2496,1140,35,23.55310621242485
2497,213,35,23.557692307692307
2497,762,35,23.557692307692307
2498,572,35,23.56227472967561
2501,785,35,23.576
2501,1182,35,23.576
2502,144,35,23.580567772890845
2503,142,35,23.585131894484412
2503,1181,35,23.585131894484412
2504,788,35,23.58969236915701
2507,572,35,23.60335195530726
2507,767,35,23.60335195530726
2508,216,35,23.607897885919424
2509,907,35,23.61244019138756
2509,1148,35,23.61244019138756
2511,288,35,23.621513944223107
2512,932,35,23.626045400238947
2513,350,35,23.630573248407643
2514,432,35,23.635097493036213
2515,490,35,23.639618138424822
2516,648,35,23.644135188866798
2517,864,35,23.64864864864865
2518,1222,35,23.65315852205006
2519,69,35,23.657664813343924
2519,73,35,23.657664813343924
2521,71,35,23.666666666666668
2522,1226,36,23.67155890519635
2523,864,36,23.67644726407613
2524,648,36,23.681331747919145
2525,490,36,23.68621236133122
2525,818,36,23.68621236133122
2526,432,36,23.69108910891089
2527,350,36,23.695961995249405
2528,940,36,23.700831024930746
2529,288,36,23.705696202531644
2531,913,36,23.715415019762847
2531,1156,36,23.715415019762847
2532,216,36,23.72026866851047
2533,580,36,23.725118483412324
2533,773,36,23.725118483412324
2536,796,36,23.7396449704142
2537,146,36,23.744479495268138
2537,1199,36,23.744479495268138
2538,144,36,23.74931020890816
2539,799,36,23.754137115839242
2539,1198,36,23.754137115839242
2542,580,36,23.768595041322314
2543,219,36,23.773406766325728
2543,778,36,23.773406766325728
2544,1164,36,23.77821470703893
2545,920,36,23.78301886792453
2546,292,36,23.787819253438116
2547,945,36,23.792615868028278
2549,355,36,23.802197802197803
2549,438,36,23.802197802197803
2551,497,36,23.811764705882354
2551,657,36,23.811764705882354
2552,876,36,23.816542532340257
2553,1239,36,23.821316614420063
2554,74,36,23.82608695652174
2555,70,36,23.83085356303837
2556,70,36,23.835616438356166
2556,72,36,23.835616438356166
2556,354,36,23.835616438356166
2556,356,36,23.835616438356166
2556,496,36,23.835616438356166
2556,498,36,23.835616438356166
2556,780,36,23.835616438356166
2556,782,36,23.835616438356166
2556,922,36,23.835616438356166
2556,924,36,23.835616438356166
2556,1206,36,23.835616438356166
2556,1208,36,23.835616438356166
2557,72,36,23.84037558685446
2557,1243,36,23.84037558685446
2558,876,36,23.84513101290575
2559,657,36,23.849882720875684
2559,829,36,23.849882720875684
2559,1244,36,23.849882720875684
2561,438,36,23.859375
2561,497,36,23.859375
2561,622,36,23.859375
2561,877,36,23.859375
2563,355,36,23.868852459016395
2563,658,36,23.868852459016395
2563,953,36,23.868852459016395
2563,1040,36,23.868852459016395
2564,292,36,23.873585641825986
2565,415,36,23.878315132605305
2566,1172,36,23.883040935672515
2567,219,36,23.88776305533905
2567,439,36,23.88776305533905
2567,926,36,23.88776305533905
2567,1111,36,23.88776305533905
2568,588,36,23.89248149590962
2569,784,36,23.897196261682243
2569,973,36,23.897196261682243
2571,277,36,23.90661478599222
2571,807,36,23.90661478599222
2571,956,36,23.90661478599222
2572,148,36,23.911318553092183
2573,146,36,23.91601866251944
2573,293,36,23.91601866251944
2573,764,36,23.91601866251944
2573,1216,36,23.91601866251944
2574,810,36,23.92071511853867
2575,695,36,23.925407925407924
2575,1215,36,23.925407925407924
2577,208,36,23.934782608695652
2577,588,36,23.934782608695652
2577,1177,36,23.934782608695652
2578,222,36,23.939464493597207
2579,220,36,23.944142746314974
2579,789,36,23.944142746314974
2579,1180,36,23.944142746314974
2579,1184,36,23.944142746314974
2581,296,36,23.953488372093023
2581,559,36,23.953488372093023
2581,591,36,23.953488372093023
2581,933,36,23.953488372093023
2582,958,36,23.95815575358388
2583,350,36,23.96281951975213
2584,444,36,23.96747967479675
2585,360,36,23.972136222910216
2585,490,36,23.972136222910216
2586,666,36,23.97678916827853
2587,504,36,23.981438515081205
2587,812,36,23.981438515081205
2587,888,36,23.981438515081205
2587,908,36,23.981438515081205
2588,1256,36,23.986084267491304
2589,75,36,23.990726429675426
2589,139,36,23.990726429675426
2589,149,36,23.990726429675426
2591,71,36,24.
2591,73,36,24.
2591,141,36,24.
2591,147,36,24.
2592,71,36,24.00463141644153
2592,73,36,24.00463141644153
2592,359,36,24.00463141644153
2592,361,36,24.00463141644153
2592,503,36,24.00463141644153
2592,505,36,24.00463141644153
2592,791,36,24.00463141644153
2592,793,36,24.00463141644153
2592,935,36,24.00463141644153
2592,937,36,24.00463141644153
2592,1223,36,24.00463141644153
2592,1225,36,24.00463141644153
2592,1260,36,24.00463141644153
2593,71,36,24.00925925925926
2593,73,36,24.00925925925926
2593,816,36,24.00925925925926
2593,840,36,24.00925925925926
2593,888,36,24.00925925925926
2593,912,36,24.00925925925926
2594,630,36,24.013883532587737
2595,490,36,24.018504240555128
2595,1053,36,24.018504240555128
2596,420,36,24.023121387283236
2597,350,36,24.02773497688752
2597,506,36,24.02773497688752
2597,1124,36,24.02773497688752
2598,984,36,24.032345013477087
2599,280,36,24.036951501154736
2599,362,36,24.036951501154736
2599,561,36,24.036951501154736
2599,593,36,24.036951501154736
2600,772,36,24.04155444401693
2601,224,36,24.046153846153846
2601,702,36,24.046153846153846
2601,1196,36,24.046153846153846
2602,210,36,24.050749711649367
2603,212,36,24.055342044581092
2603,941,36,24.055342044581092
2603,1191,36,24.055342044581092
2603,1195,36,24.055342044581092
2604,564,36,24.05993084902036
2605,353,36,24.06451612903226
2605,705,36,24.06451612903226
2605,797,36,24.06451612903226
2606,494,36,24.069097888675625
2607,299,36,24.07367613200307
2607,776,36,24.07367613200307
2607,915,36,24.07367613200307
2608,140,36,24.07825086306099
2609,142,36,24.08282208588957
2609,283,36,24.08282208588957
2609,968,36,24.08282208588957
2609,1231,36,24.08282208588957
2610,918,36,24.087389804522807
2611,493,36,24.091954022988507
2611,987,36,24.091954022988507
2611,1234,36,24.091954022988507
2612,352,36,24.096514745308312
2613,449,36,24.101071975497703
2613,564,36,24.101071975497703
2613,1129,36,24.101071975497703
2614,1202,36,24.105625717566017
2615,213,36,24.11017597551645
2615,425,36,24.11017597551645
2615,798,36,24.11017597551645
2616,708,36,24.11472275334608
2617,674,36,24.119266055045873
2617,779,36,24.119266055045873
2617,944,36,24.119266055045873
2617,1060,36,24.119266055045873
2618,284,36,24.12380588460069
2619,638,36,24.128342245989305
2619,899,36,24.128342245989305
2619,990,36,24.128342245989305
2620,1132,36,24.13287514318442
2621,363,36,24.137404580152673
2621,426,36,24.137404580152673
2621,851,36,24.137404580152673
2621,1272,36,24.137404580152673
2622,1062,36,24.141930560854636
2623,76,36,24.14645308924485
2623,509,36,24.14645308924485
2623,639,36,24.14645308924485
2623,1277,36,24.14645308924485
2624,852,36,24.150972169271824
2625,70,36,24.15548780487805
2625,1278,36,24.15548780487805
2626,70,36,24.16
2627,74,36,24.164508758568164
2628,72,36,24.169014084507044
2628,74,36,24.169014084507044
2628,364,36,24.169014084507044
2628,366,36,24.169014084507044
2628,510,36,24.169014084507044
2628,512,36,24.169014084507044
2628,802,36,24.169014084507044
2628,804,36,24.169014084507044
2628,948,36,24.169014084507044
2628,950,36,24.169014084507044
2628,1240,36,24.169014084507044
2628,1242,36,24.169014084507044
2629,72,36,24.17351598173516
2629,1278,36,24.17351598173516
2630,852,36,24.178014454165083
2631,639,36,24.182509505703422
2632,1068,36,24.187001140250857
2633,426,36,24.19148936170213
2633,513,36,24.19148936170213
2634,1140,36,24.19597417394607
2635,367,36,24.200455580865604
2635,998,36,24.200455580865604
2636,284,36,24.20493358633776
2637,783,36,24.20940819423369
2638,712,36,24.21387940841866
2639,213,36,24.218347232752084
2639,954,36,24.218347232752084
2640,1212,36,24.222811671087534
2641,572,36,24.227272727272727
2641,808,36,24.227272727272727
2642,358,36,24.231730405149566
2643,501,36,24.236184708554127
2644,928,36,24.240635641316686
2645,142,36,24.245083207261725
2645,1248,36,24.245083207261725
2646,144,36,24.24952741020794
2647,931,36,24.253968253968253
2647,1251,36,24.253968253968253
2648,500,36,24.25840574234983
2649,357,36,24.26283987915408
2650,572,36,24.26727066817667
2651,809,36,24.27169811320755
2651,1219,36,24.27169811320755
2652,216,36,24.27612221803093
2653,718,36,24.28054298642534
2653,957,36,24.28054298642534
2654,790,36,24.28496042216359
2655,288,36,24.28937452901281
2656,1004,36,24.293785310734464
2657,368,36,24.298192771084338
2657,1148,36,24.298192771084338
2658,432,36,24.30259691381257
2659,516,36,24.306997742663658
2659,1077,36,24.306997742663658
2660,648,36,24.311395261376457
2661,864,36,24.31578947368421
2662,1296,36,24.320180383314543
2663,71,36,24.324567993989483
2663,75,36,24.324567993989483
2665,73,36,24.333333333333332
2666,1296,37,24.338086303939964
2667,864,37,24.342835708927232
2668,648,37,24.34758155230596
2669,520,37,24.35232383808096
2669,914,37,24.35232383808096
2669,1083,37,24.35232383808096
2670,432,37,24.35706257025103
2671,372,37,24.36179775280899
2671,1156,37,24.36179775280899
2672,1012,37,24.366529389741668
2673,288,37,24.37125748502994
2674,794,37,24.375982042648708
2675,722,37,24.38070306656694
2675,967,37,24.38070306656694
2676,216,37,24.385420560747665
2677,819,37,24.390134529147982
2677,1229,37,24.390134529147982
2678,580,37,24.39484497571909
2679,363,37,24.399551904406273
2680,508,37,24.404255319148938
2681,941,37,24.408955223880596
2681,1265,37,24.408955223880596
2682,144,37,24.413651622528906
2683,146,37,24.41834451901566
2683,1268,37,24.41834451901566
2684,944,37,24.423033917256802
2685,507,37,24.427719821162444
2686,362,37,24.43240223463687
2687,580,37,24.437081161578554
2687,820,37,24.437081161578554
2688,1236,37,24.441756605880165
2689,219,37,24.446428571428573
2689,970,37,24.446428571428573
2690,728,37,24.45109706210487
2691,801,37,24.455762081784385
2692,292,37,24.460423634336678
2693,373,37,24.465081723625556
2693,1018,37,24.465081723625556
2694,1164,37,24.4697363535091
2695,438,37,24.474387527839642
2695,523,37,24.474387527839642
2696,1092,37,24.479035250463824
2697,657,37,24.483679525222552
2698,876,37,24.488320355951057
2699,76,37,24.492957746478872
2699,1314,37,24.492957746478872
2700,72,37,24.49759170062986
2701,72,37,24.502222222222223
2701,74,37,24.502222222222223
2701,145,37,24.502222222222223
2701,147,37,24.502222222222223
2701,218,37,24.502222222222223
2701,220,37,24.502222222222223
2701,291,37,24.502222222222223
2701,293,37,24.502222222222223
2701,364,37,24.502222222222223
2701,366,37,24.502222222222223
2701,437,37,24.502222222222223
2701,439,37,24.502222222222223
2701,510,37,24.502222222222223
2701,512,37,24.502222222222223
2701,583,37,24.502222222222223
2701,585,37,24.502222222222223
2701,656,37,24.502222222222223
2701,658,37,24.502222222222223
2701,729,37,24.502222222222223
2701,731,37,24.502222222222223
2701,802,37,24.502222222222223
2701,804,37,24.502222222222223
2701,875,37,24.502222222222223
2701,877,37,24.502222222222223
2701,948,37,24.502222222222223
2701,950,37,24.502222222222223
2701,1021,37,24.502222222222223
2701,1023,37,24.502222222222223
2701,1094,37,24.502222222222223
2701,1096,37,24.502222222222223
2701,1167,37,24.502222222222223
2701,1169,37,24.502222222222223
2701,1240,37,24.502222222222223
2701,1242,37,24.502222222222223
2701,1313,37,24.502222222222223
2701,1315,37,24.502222222222223
2702,74,37,24.506849315068493
2703,1314,37,24.511472982975572
2704,876,37,24.51609322974473
2704,926,37,24.51609322974473
2705,527,37,24.5207100591716
2705,657,37,24.5207100591716
2706,1098,37,24.52532347504621
2707,377,37,24.529933481152995
2707,438,37,24.529933481152995
2708,1068,37,24.53454008127078
2708,1172,37,24.53454008127078
2709,1026,37,24.539143279172823
2710,292,37,24.5437430786268
2710,528,37,24.5437430786268
2711,805,37,24.548339483394834
2711,980,37,24.548339483394834
2712,732,37,24.552932497233492
2712,786,37,24.552932497233492
2713,219,37,24.557522123893804
2713,830,37,24.557522123893804
2714,378,37,24.56210836712127
2714,1246,37,24.56210836712127
2715,588,37,24.56669123065586
2716,368,37,24.571270718232043
2716,1216,37,24.571270718232043
2717,515,37,24.575846833578794
2717,1282,37,24.575846833578794
2718,954,37,24.58041958041958
2719,146,37,24.584988962472405
2719,1285,37,24.584988962472405
2720,148,37,24.589554983449798
2720,502,37,24.589554983449798
2721,957,37,24.594117647058823
2722,514,37,24.598676957001103
2722,984,37,24.598676957001103
2723,367,37,24.603232916972814
2723,831,37,24.603232916972814
2724,216,37,24.607785530664707
2724,588,37,24.607785530664707
2725,983,37,24.612334801762113
2725,1253,37,24.612334801762113
2726,222,37,24.616880733944953
2726,834,37,24.616880733944953
2727,738,37,24.621423330887747
2728,358,37,24.625962596259626
2728,812,37,24.625962596259626
2729,296,37,24.63049853372434
2729,378,37,24.63049853372434
2730,1032,37,24.63503114694027
2731,530,37,24.63956043956044
2731,1180,37,24.63956043956044
2732,444,37,24.644086415232515
2732,648,37,24.644086415232515
2733,1107,37,24.648609077598827
2734,666,37,24.653128430296377
2734,1290,37,24.653128430296377
2735,77,37,24.65764447695684
2735,888,37,24.65764447695684
2736,1332,37,24.66215722120658
2737,73,37,24.666666666666668
2737,75,37,24.666666666666668
2738,73,37,24.67117281695287
2738,75,37,24.67117281695287
2738,147,37,24.67117281695287
2738,149,37,24.67117281695287
2738,221,37,24.67117281695287
2738,223,37,24.67117281695287
2738,295,37,24.67117281695287
2738,297,37,24.67117281695287
2738,369,37,24.67117281695287
2738,371,37,24.67117281695287
2738,443,37,24.67117281695287
2738,445,37,24.67117281695287
2738,517,37,24.67117281695287
2738,519,37,24.67117281695287
2738,591,37,24.67117281695287
2738,593,37,24.67117281695287
2738,665,37,24.67117281695287
2738,667,37,24.67117281695287
2738,739,37,24.67117281695287
2738,741,37,24.67117281695287
2738,813,37,24.67117281695287
2738,815,37,24.67117281695287
2738,887,37,24.67117281695287
2738,889,37,24.67117281695287
2738,961,37,24.67117281695287
2738,963,37,24.67117281695287
2738,1035,37,24.67117281695287
2738,1037,37,24.67117281695287
2738,1109,37,24.67117281695287
2738,1111,37,24.67117281695287
2738,1183,37,24.67117281695287
2738,1185,37,24.67117281695287
2738,1257,37,24.67117281695287
2738,1259,37,24.67117281695287
2738,1294,37,24.67117281695287
2738,1331,37,24.67117281695287
2738,1333,37,24.67117281695287
2739,73,37,24.675675675675677
2739,75,37,24.675675675675677
2739,938,37,24.675675675675677
2740,648,37,24.680175246440307
2740,1334,37,24.680175246440307
2741,890,37,24.684671532846714
2741,1081,37,24.684671532846714
2742,668,37,24.689164538489603
2743,795,37,24.693654266958426
2743,1111,37,24.693654266958426
2744,362,37,24.698140721837404
2744,446,37,24.698140721837404
2745,1186,37,24.70262390670554
2745,1229,37,24.70262390670554
2746,838,37,24.707103825136613
2746,1038,37,24.707103825136613
2747,298,37,24.711580480699197
2747,507,37,24.711580480699197
2748,216,37,24.71605387695668
2748,818,37,24.71605387695668
2749,218,37,24.72052401746725
2749,744,37,24.72052401746725
2750,224,37,24.724990905783923
2750,992,37,24.724990905783923
2751,361,37,24.729454545454544
2751,1265,37,24.729454545454544
2752,506,37,24.733914940021812
2752,594,37,24.733914940021812
2753,371,37,24.738372093023255
2753,653,37,24.738372093023255
2754,520,37,24.742826007991283
2755,969,37,24.74727668845316
2756,150,37,24.751724137931035
2756,1232,37,24.751724137931035
2757,148,37,24.756168359941945
2757,652,37,24.756168359941945
2758,382,37,24.760609357997822
2758,968,37,24.760609357997822
2759,364,37,24.76504713560551
2759,523,37,24.76504713560551
2760,374,37,24.769481696266762
2760,798,37,24.769481696266762
2761,217,37,24.77391304347826
2761,598,37,24.77391304347826
2762,536,37,24.77834118073162
2762,1268,37,24.77834118073162
2763,223,37,24.782766111513396
2763,508,37,24.782766111513396
2764,746,37,24.787187839305105
2764,1092,37,24.787187839305105
2765,821,37,24.791606367583213
2765,1236,37,24.791606367583213
2766,298,37,24.796021699819168
2767,800,37,24.800433839479393
2767,1048,37,24.800433839479393
2768,946,37,24.804842790025297
2768,1198,37,24.804842790025297
2769,448,37,24.809248554913296
2769,1094,37,24.809248554913296
2770,78,37,24.8136511375948
2770,1124,37,24.8136511375948
2771,673,37,24.818050541516246
2771,947,37,24.818050541516246
2772,72,37,24.82244677011909
2772,898,37,24.82244677011909
2773,72,37,24.826839826839826
2773,1348,37,24.826839826839826
2774,76,37,24.831229715109988
2775,74,37,24.835616438356166
2775,76,37,24.835616438356166
2775,149,37,24.835616438356166
2775,151,37,24.835616438356166
2775,224,37,24.835616438356166
2775,226,37,24.835616438356166
2775,299,37,24.835616438356166
2775,301,37,24.835616438356166
2775,374,37,24.835616438356166
2775,376,37,24.835616438356166
2775,449,37,24.835616438356166
2775,451,37,24.835616438356166
2775,524,37,24.835616438356166
2775,526,37,24.835616438356166
2775,599,37,24.835616438356166
2775,601,37,24.835616438356166
2775,674,37,24.835616438356166
2775,676,37,24.835616438356166
2775,749,37,24.835616438356166
2775,751,37,24.835616438356166
2775,824,37,24.835616438356166
2775,826,37,24.835616438356166
2775,899,37,24.835616438356166
2775,901,37,24.835616438356166
2775,974,37,24.835616438356166
2775,976,37,24.835616438356166
2775,1049,37,24.835616438356166
2775,1051,37,24.835616438356166
2775,1124,37,24.835616438356166
2775,1126,37,24.835616438356166
2775,1199,37,24.835616438356166
2775,1201,37,24.835616438356166
2775,1274,37,24.835616438356166
2775,1276,37,24.835616438356166
2775,1349,37,24.835616438356166
2775,1351,37,24.835616438356166
2776,74,37,24.84
2777,951,37,24.844380403458214
2777,1352,37,24.844380403458214
2778,902,37,24.8487576521426
2779,677,37,24.853131749460044
2779,1096,37,24.853131749460044
2780,1126,37,24.85750269881252
2781,452,37,24.86187050359712
2781,806,37,24.86187050359712
2782,1202,37,24.866235167206042
2783,1052,37,24.8705966930266
2783,1246,37,24.8705966930266
2784,302,37,24.87495508444125
2785,514,37,24.879310344827587
2785,829,37,24.879310344827587
2786,754,37,24.88366247755835
2787,221,37,24.888011486001435
2787,227,37,24.888011486001435
2788,1282,37,24.892357373519914
2789,366,37,24.896700143472025
2789,602,37,24.896700143472025
2790,376,37,24.901039799211187
2791,527,37,24.905376344086022
2791,662,37,24.905376344086022
2792,982,37,24.909709781440345
2793,152,37,24.91404011461318
2794,150,37,24.918367346938776
2795,661,37,24.9226914817466
2795,981,37,24.9226914817466
2796,530,37,24.92701252236136
2797,369,37,24.931330472103003
2797,379,37,24.931330472103003
2798,606,37,24.935645334286736
2799,220,37,24.939957112223016
2799,1285,37,24.939957112223016
2800,226,37,24.944265809217576
2801,515,37,24.94857142857143
2801,756,37,24.94857142857143
2802,832,37,24.952873973580864
2803,302,37,24.957173447537475
2803,1253,37,24.957173447537475
2804,1062,37,24.961469853728147
2805,811,37,24.96576319543509
2805,1214,37,24.96576319543509
2806,454,37,24.970053475935828
2807,1109,37,24.97434069850321
2807,1139,37,24.97434069850321
2808,682,37,24.978624866405415
2809,910,37,24.982905982905983
2809,960,37,24.982905982905983
2810,1366,37,24.987184051263796
2811,73,37,24.991459074733097
2811,77,37,24.991459074733097
2813,75,37,25.
2814,1370,38,25.004621400639888
2815,914,38,25.009239516702202
2815,964,38,25.009239516702202
2816,686,38,25.01385435168739
2817,1111,38,25.01846590909091
2817,1141,38,25.01846590909091
2818,458,38,25.023074192403264
2819,817,38,25.027679205110008
2819,1218,38,25.027679205110008
2820,1066,38,25.032280950691735
2821,306,38,25.036879432624115
2821,1263,38,25.036879432624115
2822,840,38,25.04147465437788
2823,521,38,25.046066619418852
2823,764,38,25.046066619418852
2824,230,38,25.050655331207935
2825,224,38,25.055240793201133
2825,1299,38,25.055240793201133
2826,610,38,25.05982300884956
2827,371,38,25.064401981599435
2827,381,38,25.064401981599435
2828,534,38,25.06897771489211
2829,671,38,25.073550212164072
2829,995,38,25.073550212164072
2830,154,38,25.078119476846943
2831,152,38,25.08268551236749
2832,994,38,25.08724832214765
2833,537,38,25.09180790960452
2833,670,38,25.09180790960452
2834,384,38,25.09636427815037
2835,374,38,25.10091743119266
2835,614,38,25.10091743119266
2836,1302,38,25.10546737213404
2837,223,38,25.110014104372354
2837,229,38,25.110014104372354
2838,766,38,25.11455763130067
2839,522,38,25.119097956307257
2839,843,38,25.119097956307257
2840,306,38,25.123635082775625
2841,1076,38,25.128169014084506
2841,1270,38,25.128169014084506
2842,1230,38,25.132699753607884
2843,460,38,25.13722730471499
2843,822,38,25.13722730471499
2844,1154,38,25.14175167077031
2845,691,38,25.146272855133613
2845,1124,38,25.146272855133613
2846,922,38,25.15079086115993
2847,973,38,25.15530569219958
2847,1384,38,25.15530569219958
2848,78,38,25.159817351598175
2849,74,38,25.16432584269663
2850,74,38,25.16883116883117
2850,76,38,25.16883116883117
2850,224,38,25.16883116883117
2850,226,38,25.16883116883117
2850,374,38,25.16883116883117
2850,376,38,25.16883116883117
2850,524,38,25.16883116883117
2850,526,38,25.16883116883117
2850,674,38,25.16883116883117
2850,676,38,25.16883116883117
2850,824,38,25.16883116883117
2850,826,38,25.16883116883117
2850,974,38,25.16883116883117
2850,976,38,25.16883116883117
2850,1124,38,25.16883116883117
2850,1126,38,25.16883116883117
2850,1274,38,25.16883116883117
2850,1276,38,25.16883116883117
2851,76,38,25.173333333333332
2851,1388,38,25.173333333333332
2852,926,38,25.17783233952999
2853,695,38,25.182328190743338
2853,977,38,25.182328190743338
2853,1389,38,25.182328190743338
2854,1156,38,25.18682089029092
2855,464,38,25.191310441485633
2855,733,38,25.191310441485633
2855,927,38,25.191310441485633
2855,1126,38,25.191310441485633
2856,1234,38,25.195796847635727
2857,587,38,25.20028011204482
2857,696,38,25.20028011204482
2857,828,38,25.20028011204482
2857,1080,38,25.20028011204482
2858,310,38,25.2047602380119
2859,851,38,25.209237228831352
2859,1158,38,25.209237228831352
2859,1280,38,25.209237228831352
2860,774,38,25.213711087792934
2861,233,38,25.21818181818182
2861,465,38,25.21818181818182
2861,528,38,25.21818181818182
2861,806,38,25.21818181818182
2862,1316,38,25.222649423278575
2863,227,38,25.22711390635919
2863,368,38,25.22711390635919
2863,618,38,25.22711390635919
2863,1237,38,25.22711390635919
2864,386,38,25.231575270695075
2865,376,38,25.23603351955307
2865,541,38,25.23603351955307
2865,1083,38,25.23603351955307
2866,1008,38,25.240488656195463
2867,156,38,25.24494068387997
2867,295,38,25.24494068387997
2867,311,38,25.24494068387997
2867,680,38,25.24494068387997
2868,154,38,25.249389605859783
2869,514,38,25.253835425383542
2869,854,38,25.253835425383542
2869,1007,38,25.253835425383542
2870,544,38,25.258278145695364
2871,389,38,25.262717770034843
2871,679,38,25.262717770034843
2871,777,38,25.262717770034843
2872,622,38,25.26715430163706
2873,234,38,25.271587743732592
2873,379,38,25.271587743732592
2873,1319,38,25.271587743732592
2874,232,38,25.27601809954751
2875,226,38,25.28044537230341
2875,776,38,25.28044537230341
2875,1033,38,25.28044537230341
2875,1322,38,25.28044537230341
2876,854,38,25.28486956521739
2877,310,38,25.289290681502088
2877,529,38,25.289290681502088
2877,621,38,25.289290681502088
2878,1090,38,25.293708724365658
2879,388,38,25.298123697011814
2879,1246,38,25.298123697011814
2879,1254,38,25.298123697011814
2879,1287,38,25.298123697011814
2880,466,38,25.302535602639807
2881,544,38,25.306944444444444
2881,833,38,25.306944444444444
2881,1169,38,25.306944444444444
2881,1181,38,25.306944444444444
2882,700,38,25.311350225616106
2883,934,38,25.315752949340734
2883,1014,38,25.315752949340734
2883,1139,38,25.315752949340734
2884,1402,38,25.32015261879986
2885,79,38,25.324549237170597
2885,147,38,25.324549237170597
2885,157,38,25.324549237170597
2885,986,38,25.324549237170597
2887,75,38,25.333333333333332
2887,77,38,25.333333333333332
2887,149,38,25.333333333333332
2887,155,38,25.333333333333332
2888,75,38,25.33772081745757
2888,77,38,25.33772081745757
2888,227,38,25.33772081745757
2888,229,38,25.33772081745757
2888,379,38,25.33772081745757
2888,381,38,25.33772081745757
2888,531,38,25.33772081745757
2888,533,38,25.33772081745757
2888,683,38,25.33772081745757
2888,685,38,25.33772081745757
2888,835,38,25.33772081745757
2888,837,38,25.33772081745757
2888,987,38,25.33772081745757
2888,989,38,25.33772081745757
2888,1139,38,25.33772081745757
2888,1141,38,25.33772081745757
2888,1291,38,25.33772081745757
2888,1293,38,25.33772081745757
2888,1406,38,25.33772081745757
2889,75,38,25.342105263157894
2889,77,38,25.342105263157894
2889,938,38,25.342105263157894
2889,1014,38,25.342105263157894
2890,742,38,25.346486673589478
2891,548,38,25.350865051903114
2891,594,38,25.350865051903114
2891,988,38,25.350865051903114
2891,1187,38,25.350865051903114
2893,392,38,25.35961272475795
2893,815,38,25.35961272475795
2893,1143,38,25.35961272475795
2893,1262,38,25.35961272475795
2894,372,38,25.363982025578984
2895,627,38,25.368348306841742
2895,837,38,25.368348306841742
2896,298,38,25.372711571675303
2897,519,38,25.37707182320442
2897,1039,38,25.37707182320442
2897,1295,38,25.37707182320442
2897,1330,38,25.37707182320442
2899,234,38,25.385783298826777
2899,533,38,25.385783298826777
2900,1042,38,25.390134529147982
2901,228,38,25.39448275862069
2901,783,38,25.39448275862069
2902,1264,38,25.398827990348156
2903,383,38,25.40317022742936
2903,522,38,25.40317022742936
2903,862,38,25.40317022742936
2903,1190,38,25.40317022742936
2905,148,38,25.411845730027547
2905,297,38,25.411845730027547
2905,313,38,25.411845730027547
2905,687,38,25.411845730027547
2906,150,38,25.416179001721172
2907,1101,38,25.420509291121817
2908,1194,38,25.424836601307188
2909,372,38,25.429160935350758
2909,690,38,25.429160935350758
2909,1259,38,25.429160935350758
2909,1269,38,25.429160935350758
2911,382,38,25.437800687285222
2911,471,38,25.437800687285222
2911,822,38,25.437800687285222
2911,1044,38,25.437800687285222
2913,231,38,25.446428571428573
2913,1182,38,25.446428571428573
2914,524,38,25.450738070717474
2915,298,38,25.455044612216884
2915,538,38,25.455044612216884
2915,597,38,25.455044612216884
2915,708,38,25.455044612216884
2917,373,38,25.463648834019203
2917,747,38,25.463648834019203
2917,945,38,25.463648834019203
2917,1306,38,25.463648834019203
2918,824,38,25.467946520397668
2919,846,38,25.472241261137764
2919,1419,38,25.472241261137764
2920,598,38,25.476533059266874
2921,80,38,25.480821917808218
2921,748,38,25.480821917808218
2921,1152,38,25.480821917808218
2921,1424,38,25.480821917808218
2923,74,38,25.489390828199863
2923,1001,38,25.489390828199863
2923,1425,38,25.489390828199863
2924,74,38,25.49367088607595
2925,78,38,25.49794801641587
2926,76,38,25.502222222222223
2926,78,38,25.502222222222223
2926,230,38,25.502222222222223
2926,232,38,25.502222222222223
2926,384,38,25.502222222222223
2926,386,38,25.502222222222223
2926,538,38,25.502222222222223
2926,540,38,25.502222222222223
2926,692,38,25.502222222222223
2926,694,38,25.502222222222223
2926,846,38,25.502222222222223
2926,848,38,25.502222222222223
2926,1000,38,25.502222222222223
2926,1002,38,25.502222222222223
2926,1154,38,25.502222222222223
2926,1156,38,25.502222222222223
2926,1308,38,25.502222222222223
2926,1310,38,25.502222222222223
2927,76,38,25.506493506493506
2927,1425,38,25.506493506493506
2929,752,38,25.51502732240437
2929,1001,38,25.51502732240437
2930,602,38,25.519289860020486
2931,1158,38,25.52354948805461
2932,826,38,25.52780620948482
2933,377,38,25.53206002728513
2933,848,38,25.53206002728513
2935,302,38,25.54055896387185
2935,1312,38,25.54055896387185
2936,526,38,25.54480408858603
2937,540,38,25.549046321525886
2939,231,38,25.557522123893804
2939,1056,38,25.557522123893804
2941,388,38,25.56598639455782
2941,1281,38,25.56598639455782
2942,1206,38,25.570214212852772
2943,696,38,25.57443915703603
2944,150,38,25.578661230037376
2945,152,38,25.58288043478261
2947,699,38,25.59131025118805
2947,1210,38,25.59131025118805
2948,1286,38,25.595520868680012
2949,387,38,25.599728629579374
2950,1058,38,25.603933536792134
2951,234,38,25.60813559322034
2953,531,38,25.616531165311653
2953,545,38,25.616531165311653
2954,302,38,25.620724686759228
2955,1323,38,25.6249153689912
2956,378,38,25.629103214890016
2957,835,38,25.633288227334237
2957,857,38,25.633288227334237
2959,606,38,25.641649763353616
2959,1167,38,25.641649763353616
2960,758,38,25.64582629266644
2961,1014,38,25.65
2962,1444,38,25.654170888213443
2963,75,38,25.65833896016205
2963,79,38,25.65833896016205
2965,77,38,25.666666666666668
2966,1444,39,25.671163575042158
2967,1014,39,25.67565745111261
2968,762,39,25.68014829794405
2969,610,39,25.684636118598384
2969,964,39,25.684636118598384
2969,1173,39,25.684636118598384
2971,837,39,25.693602693602692
2971,859,39,25.693602693602692
2972,382,39,25.698081454055874
2973,1329,39,25.702557200538358
2974,306,39,25.70702993609149
2975,533,39,25.711499663752523
2975,547,39,25.711499663752523
2977,234,39,25.72043010752688
2978,1070,39,25.724890829694324
2979,393,39,25.729348556077905
2980,1298,39,25.733803289694528
2981,705,39,25.738255033557046
2981,1222,39,25.738255033557046
2983,152,39,25.74714956405097
2984,154,39,25.751592356687897
2985,708,39,25.75603217158177
2986,1226,39,25.76046901172529
2987,392,39,25.764902880107165
2987,1303,39,25.764902880107165
2989,237,39,25.77376171352075
2989,1072,39,25.77376171352075
2991,552,39,25.782608695652176
2992,538,39,25.787027749916415
2993,306,39,25.79144385026738
2993,1340,39,25.79144385026738
2995,383,39,25.800267201068806
2995,868,39,25.800267201068806
2996,846,39,25.804674457429048
2997,1182,39,25.809078771695596
2998,614,39,25.81348014681348
2999,768,39,25.817878585723815
2999,1027,39,25.817878585723815
3001,80,39,25.826666666666668
3001,1463,39,25.826666666666668
3002,76,39,25.831056314561813
3003,76,39,25.835443037974684
3003,78,39,25.835443037974684
3003,153,39,25.835443037974684
3003,155,39,25.835443037974684
3003,307,39,25.835443037974684
3003,309,39,25.835443037974684
3003,384,39,25.835443037974684
3003,386,39,25.835443037974684
3003,538,39,25.835443037974684
3003,540,39,25.835443037974684
3003,615,39,25.835443037974684
3003,617,39,25.835443037974684
3003,769,39,25.835443037974684
3003,771,39,25.835443037974684
3003,846,39,25.835443037974684
3003,848,39,25.835443037974684
3003,1077,39,25.835443037974684
3003,1079,39,25.835443037974684
3003,1231,39,25.835443037974684
3003,1233,39,25.835443037974684
3003,1308,39,25.835443037974684
3003,1310,39,25.835443037974684
3003,1462,39,25.835443037974684
3003,1464,39,25.835443037974684
3004,78,39,25.83982683982684
3005,1027,39,25.844207723035954
3005,1463,39,25.844207723035954
3006,976,39,25.848585690515808
3007,772,39,25.852960745176315
3007,1188,39,25.852960745176315
3008,618,39,25.857332889923512
3008,1028,39,25.857332889923512
3009,870,39,25.861702127659573
3010,848,39,25.86606846128282
3011,387,39,25.87043189368771
3011,1346,39,25.87043189368771
3012,1190,39,25.874792427764863
3013,310,39,25.879150066401063
3013,554,39,25.879150066401063
3014,540,39,25.883504812479256
3014,1280,39,25.883504812479256
3015,237,39,25.887856668878566
3016,872,39,25.892205638474294
3017,398,39,25.896551724137932
3017,1084,39,25.896551724137932
3018,680,39,25.900894928737156
3019,714,39,25.905235255135853
3019,1315,39,25.905235255135853
3020,1238,39,25.909572706194105
3020,1350,39,25.909572706194105
3022,154,39,25.91823899371069
3022,832,39,25.91823899371069
3023,156,39,25.922567835870286
3023,717,39,25.922567835870286
3024,556,39,25.92689381409196
3025,397,39,25.93121693121693
3025,1242,39,25.93121693121693
3026,226,39,25.935537190082645
3026,1320,39,25.935537190082645
3027,240,39,25.939854593522803
3028,238,39,25.94416914436736
3028,1086,39,25.94416914436736
3029,559,39,25.948480845442536
3031,545,39,25.957095709570957
3031,1357,39,25.957095709570957
3032,310,39,25.961398878258002
3032,400,39,25.961398878258002
3033,879,39,25.965699208443272
3034,388,39,25.969996702934388
3034,530,39,25.969996702934388
3035,857,39,25.97429136453527
3035,1197,39,25.97429136453527
3036,718,39,25.978583196046127
3037,622,39,25.982872200263504
3037,1040,39,25.982872200263504
3038,778,39,25.987158379980244
3038,1444,39,25.987158379980244
3039,81,39,25.991441737985518
3040,1482,39,25.995722277064825
3041,77,39,26.
3041,79,39,26.
3042,77,39,26.004274909569222
3042,79,39,26.004274909569222
3042,155,39,26.004274909569222
3042,157,39,26.004274909569222
3042,311,39,26.004274909569222
3042,313,39,26.004274909569222
3042,389,39,26.004274909569222
3042,391,39,26.004274909569222
3042,545,39,26.004274909569222
3042,547,39,26.004274909569222
3042,623,39,26.004274909569222
3042,625,39,26.004274909569222
3042,779,39,26.004274909569222
3042,781,39,26.004274909569222
3042,857,39,26.004274909569222
3042,859,39,26.004274909569222
3042,1091,39,26.004274909569222
3042,1093,39,26.004274909569222
3042,1247,39,26.004274909569222
3042,1249,39,26.004274909569222
3042,1325,39,26.004274909569222
3042,1327,39,26.004274909569222
3042,1444,39,26.004274909569222
3042,1481,39,26.004274909569222
3042,1483,39,26.004274909569222
3043,77,39,26.00854700854701
3043,79,39,26.00854700854701
3043,988,39,26.00854700854701
3043,1040,39,26.00854700854701
3044,722,39,26.01281629970424
3044,1484,39,26.01281629970424
3046,534,39,26.021346469622333
3046,780,39,26.021346469622333
3047,624,39,26.025607353906764
3047,1294,39,26.025607353906764
3048,400,39,26.029865441417787
3049,687,39,26.034120734908136
3049,861,39,26.034120734908136
3050,390,39,26.038373237126926
3051,840,39,26.042622950819673
3052,242,39,26.046869878728288
3052,312,39,26.046869878728288
3053,228,39,26.051114023591087
3053,549,39,26.051114023591087
3054,230,39,26.05535538814281
3056,564,39,26.06382978723404
3056,1096,39,26.06382978723404
3057,534,39,26.06806282722513
3058,840,39,26.07229309780831
3058,1334,39,26.07229309780831
3059,1256,39,26.07652060170046
3059,1454,39,26.07652060170046
3060,1370,39,26.080745341614907
3061,158,39,26.084967320261438
3061,1453,39,26.084967320261438
3062,156,39,26.089186540346294
3062,688,39,26.089186540346294
3063,537,39,26.093403004572174
3064,888,39,26.097616715638264
3064,1256,39,26.097616715638264
3065,1335,39,26.10182767624021
3066,1304,39,26.106035889070146
3067,231,39,26.1102413568167
3067,1102,39,26.1102413568167
3068,1210,39,26.114444082164983
3069,843,39,26.11864406779661
3070,550,39,26.122841316389703
3071,316,39,26.127035830618894
3071,690,39,26.127035830618894
3072,1052,39,26.131227613155325
3073,395,39,26.135416666666668
3073,1307,39,26.135416666666668
3074,866,39,26.139602993817117
3074,1000,39,26.139602993817117
3076,82,39,26.147967479674797
3076,632,39,26.147967479674797
3077,790,39,26.152145643693107
3077,1001,39,26.152145643693107
3078,76,39,26.1563210919727
3079,76,39,26.160493827160494
3079,1499,39,26.160493827160494
3080,80,39,26.164663851899967
3081,78,39,26.16883116883117
3081,80,39,26.16883116883117
3081,157,39,26.16883116883117
3081,159,39,26.16883116883117
3081,315,39,26.16883116883117
3081,317,39,26.16883116883117
3081,394,39,26.16883116883117
3081,396,39,26.16883116883117
3081,552,39,26.16883116883117
3081,554,39,26.16883116883117
3081,631,39,26.16883116883117
3081,633,39,26.16883116883117
3081,789,39,26.16883116883117
3081,791,39,26.16883116883117
3081,868,39,26.16883116883117
3081,870,39,26.16883116883117
3081,1105,39,26.16883116883117
3081,1107,39,26.16883116883117
3081,1263,39,26.16883116883117
3081,1265,39,26.16883116883117
3081,1342,39,26.16883116883117
3081,1344,39,26.16883116883117
3081,1500,39,26.16883116883117
3081,1502,39,26.16883116883117
3082,78,39,26.172995780590718
3083,1001,39,26.17715768981181
3083,1503,39,26.17715768981181
3085,790,39,26.185473411154344
3086,632,39,26.189627228525122
3087,1311,39,26.193778353856125
3088,872,39,26.197926789763525
3089,395,39,26.202072538860104
3089,696,39,26.202072538860104
3091,316,39,26.210355987055017
3091,851,39,26.210355987055017
3092,556,39,26.21449369136202
3093,231,39,26.21862871927555
3095,1110,39,26.22689075630252
3097,541,39,26.23514211886305
3097,1351,39,26.23514211886305
3098,1272,39,26.23926380368098
3099,1473,39,26.24338282763073
3100,160,39,26.247499193288157
3101,158,39,26.251612903225805
3101,1472,39,26.251612903225805
3103,544,39,26.259832366215345
3103,1272,39,26.259832366215345
3104,1352,39,26.263938124395747
3106,1116,39,26.272141706924316
3107,234,39,26.276239536381198
3109,557,39,26.284427284427284
3109,854,39,26.284427284427284
3110,320,39,26.2885172081055
3111,699,39,26.292604501607716
3112,400,39,26.296689167470266
3113,877,39,26.30077120822622
3113,1324,39,26.30077120822622
3115,640,39,26.30892742453436
3116,800,39,26.313001605136435
3117,1014,39,26.317073170731707
3118,1518,39,26.321142123837024
3119,77,39,26.325208466966004
3119,81,39,26.325208466966004
3121,79,39,26.333333333333332
3122,1522,40,26.337712271707787
3123,1014,40,26.342088404868672
3124,800,40,26.346461735510726
3125,640,40,26.350832266325224
3125,1068,40,26.350832266325224
3127,883,40,26.35956493921945
3127,1328,40,26.35956493921945
3128,400,40,26.363927086664535
3129,705,40,26.36828644501279
3130,320,40,26.37264301693832
3131,563,40,26.376996805111823
3131,862,40,26.376996805111823
3133,234,40,26.385696040868456
3134,1124,40,26.390041493775932
3136,1368,40,26.39872408293461
3137,548,40,26.403061224489797
3137,1288,40,26.403061224489797
3139,162,40,26.411727214786488
3139,1492,40,26.411727214786488
3140,160,40,26.416056068811724
3141,1491,40,26.420382165605094
3142,1288,40,26.424705507800063
3143,551,40,26.429026098026736
3143,1369,40,26.429026098026736
3145,1130,40,26.43765903307888
3147,237,40,26.446280991735538
3148,564,40,26.450587861455354
3149,324,40,26.454891994917407
3149,865,40,26.454891994917407
3151,405,40,26.463492063492062
3151,708,40,26.463492063492062
3152,888,40,26.467788003808316
3153,1341,40,26.472081218274113
3154,648,40,26.476371709483033
3155,810,40,26.480659480025366
3157,1027,40,26.489226869455006
3157,1537,40,26.489226869455006
3158,82,40,26.493506493506494
3159,78,40,26.49778340721976
3160,78,40,26.502057613168724
3160,80,40,26.502057613168724
3160,236,40,26.502057613168724
3160,238,40,26.502057613168724
3160,552,40,26.502057613168724
3160,554,40,26.502057613168724
3160,710,40,26.502057613168724
3160,712,40,26.502057613168724
3160,868,40,26.502057613168724
3160,870,40,26.502057613168724
3160,1026,40,26.502057613168724
3160,1028,40,26.502057613168724
3160,1342,40,26.502057613168724
3160,1344,40,26.502057613168724
3160,1500,40,26.502057613168724
3160,1502,40,26.502057613168724
3161,80,40,26.50632911392405
3161,1541,40,26.50632911392405
3163,810,40,26.514864010120178
3163,1027,40,26.514864010120178
3163,1081,40,26.514864010120178
3163,1542,40,26.514864010120178
3164,648,40,26.519127410686057
3165,771,40,26.52338811630847
3166,894,40,26.527646129541864
3167,405,40,26.53190145293746
3167,617,40,26.53190145293746
3167,811,40,26.53190145293746
3167,1345,40,26.53190145293746
3169,324,40,26.54040404040404
3169,542,40,26.54040404040404
3169,649,40,26.54040404040404
3169,714,40,26.54040404040404
3170,570,40,26.544651309561377
3171,465,40,26.548895899053626
3171,873,40,26.548895899053626
3173,237,40,26.557377049180328
3173,386,40,26.557377049180328
3173,896,40,26.557377049180328
3173,1138,40,26.557377049180328
3175,406,40,26.565847511027094
3175,696,40,26.565847511027094
3175,1385,40,26.565847511027094
3176,1304,40,26.57007874015748
3177,309,40,26.574307304785894
3177,555,40,26.574307304785894
3178,164,40,26.578533207428393
3179,162,40,26.58275645059786
3179,325,40,26.58275645059786
3179,1164,40,26.58275645059786
3179,1511,40,26.58275645059786
3181,572,40,26.59119496855346
3181,1304,40,26.59119496855346
3181,1318,40,26.59119496855346
3181,1510,40,26.59119496855346
3182,1386,40,26.595410248349577
3183,558,40,26.599622878692646
3183,1476,40,26.599622878692646
3184,1144,40,26.6038328620798
3185,234,40,26.608040201005025
3187,240,40,26.616446955430007
3187,571,40,26.616446955430007
3187,856,40,26.616446955430007
3187,1143,40,26.616446955430007
3188,328,40,26.6206463759021
3189,876,40,26.624843161856962
3189,1401,40,26.624843161856962
3190,410,40,26.62903731577297
3191,717,40,26.63322884012539
3191,899,40,26.63322884012539
3191,933,40,26.63322884012539
3191,1392,40,26.63322884012539
3193,656,40,26.641604010025063
3193,1247,40,26.641604010025063
3193,1311,40,26.641604010025063
3193,1358,40,26.641604010025063
3194,820,40,26.64578766050736
3195,1014,40,26.64996869129618
3196,1556,40,26.65414710485133
3197,83,40,26.658322903629536
3197,155,40,26.658322903629536
3197,165,40,26.658322903629536
3197,1040,40,26.658322903629536
3199,79,40,26.666666666666668
3199,81,40,26.666666666666668
3199,157,40,26.666666666666668
3199,163,40,26.666666666666668
3200,79,40,26.670834635823695
3200,81,40,26.670834635823695
3200,239,40,26.670834635823695
3200,241,40,26.670834635823695
3200,559,40,26.670834635823695
3200,561,40,26.670834635823695
3200,719,40,26.670834635823695
3200,721,40,26.670834635823695
3200,879,40,26.670834635823695
3200,881,40,26.670834635823695
3200,1039,40,26.670834635823695
3200,1041,40,26.670834635823695
3200,1359,40,26.670834635823695
3200,1361,40,26.670834635823695
3200,1519,40,26.670834635823695
3200,1521,40,26.670834635823695
3200,1560,40,26.670834635823695
3201,79,40,26.675
3201,81,40,26.675
3201,1014,40,26.675
3201,1094,40,26.675
3202,780,40,26.679162761636988
3203,624,40,26.683322923173016
3203,1042,40,26.683322923173016
3203,1249,40,26.683322923173016
3203,1313,40,26.683322923173016
3204,548,40,26.6874804870434
3205,470,40,26.691635455680398
3205,939,40,26.691635455680398
3205,1396,40,26.691635455680398
3206,390,40,26.69578783151326
3207,703,40,26.699937616968185
3207,1364,40,26.699937616968185
3207,1407,40,26.699937616968185
3208,312,40,26.704084814468352
3209,721,40,26.708229426433917
3209,860,40,26.708229426433917
3209,1153,40,26.708229426433917
3209,1175,40,26.708229426433917
3210,1330,40,26.71237145528202
3211,234,40,26.71651090342679
3211,882,40,26.71651090342679
3211,1489,40,26.71651090342679
3212,236,40,26.720647773279353
3213,242,40,26.72478206724782
3213,863,40,26.72478206724782
3213,1488,40,26.72478206724782
3214,1412,40,26.728913787737316
3215,576,40,26.733042937149968
3215,940,40,26.733042937149968
3215,1334,40,26.733042937149968
3216,1256,40,26.737169517884915
3217,331,40,26.741293532338307
3217,564,40,26.741293532338307
3217,1021,40,26.741293532338307
3217,1176,40,26.741293532338307
3218,156,40,26.745414982903327
3219,158,40,26.74953387197017
3219,315,40,26.74953387197017
3219,1528,40,26.74953387197017
3220,1020,40,26.753650201926064
3221,414,40,26.757763975155278
3221,708,40,26.757763975155278
3221,1256,40,26.757763975155278
3221,1531,40,26.757763975155278
3222,944,40,26.761875194039117
3223,394,40,26.765983860955927
3223,563,40,26.765983860955927
3223,908,40,26.765983860955927
3223,1414,40,26.765983860955927
3224,864,40,26.770089978281103
3225,235,40,26.774193548387096
3225,471,40,26.774193548387096
3226,1494,40,26.77829457364341
3227,241,40,26.782393056416616
3227,550,40,26.782393056416616
3227,663,40,26.782393056416616
3227,1339,40,26.782393056416616
3228,1180,40,26.786488999070343
3229,316,40,26.790582403965303
3229,631,40,26.790582403965303
3229,829,40,26.790582403965303
3229,889,40,26.790582403965303
3230,710,40,26.794673273459274
3231,395,40,26.79876160990712
3231,728,40,26.79876160990712
3231,789,40,26.79876160990712
3232,472,40,26.802847415660786
3233,551,40,26.806930693069308
3233,1103,40,26.806930693069308
3233,1373,40,26.806930693069308
3233,1574,40,26.806930693069308
3234,632,40,26.81101144447881
3235,84,40,26.815089672232528
3235,790,40,26.815089672232528
3235,1579,40,26.815089672232528
3236,1104,40,26.81916537867079
3237,78,40,26.823238566131025
3237,1051,40,26.823238566131025
3237,1580,40,26.823238566131025
3238,78,40,26.82730923694779
3239,82,40,26.831377393452748
3240,80,40,26.835443037974684
3240,82,40,26.835443037974684
3240,242,40,26.835443037974684
3240,244,40,26.835443037974684
3240,566,40,26.835443037974684
3240,568,40,26.835443037974684
3240,728,40,26.835443037974684
3240,730,40,26.835443037974684
3240,890,40,26.835443037974684
3240,892,40,26.835443037974684
3240,1052,40,26.835443037974684
3240,1054,40,26.835443037974684
3240,1376,40,26.835443037974684
3240,1378,40,26.835443037974684
3240,1538,40,26.835443037974684
3240,1540,40,26.835443037974684
3241,80,40,26.839506172839506
3241,1580,40,26.839506172839506
3242,1108,40,26.843566800370255
3243,790,40,26.847624922887107
3243,1055,40,26.847624922887107
3244,632,40,26.85168054270737
3245,555,40,26.8557336621455
3246,476,40,26.859784283513097
3247,395,40,26.863832409118917
3247,1381,40,26.863832409118917
3248,712,40,26.867878041268863
3249,316,40,26.87192118226601
3249,730,40,26.87192118226601
3250,1190,40,26.87596183441059
3251,893,40,26.88
3251,1347,40,26.88
3252,1508,40,26.88403568132882
3253,239,40,26.888068880688806
3253,245,40,26.888068880688806
3254,874,40,26.89209960036889
3255,1430,40,26.896127842655194
3256,952,40,26.90015360983103
3257,571,40,26.904176904176904
3257,1272,40,26.904176904176904
3258,1034,40,26.908197727970524
3259,158,40,26.9122160834868
3259,1547,40,26.9122160834868
3260,160,40,26.916231972997853
3261,1033,40,26.920245398773005
3261,1550,40,26.920245398773005
3262,1272,40,26.92425636307881
3263,570,40,26.92826486817903
3263,956,40,26.92826486817903
3264,1432,40,26.932270916334662
3265,875,40,26.936274509803923
3266,238,40,26.940275650842267
3267,244,40,26.94427434170239
3267,1513,40,26.94427434170239
3268,1356,40,26.948270584634223
3269,900,40,26.952264381884945
3269,1195,40,26.952264381884945
3270,320,40,26.956255735698992
3271,719,40,26.960244648318042
3271,737,40,26.960244648318042
3272,400,40,26.964231121981047
3273,478,40,26.968215158924206
3273,1390,40,26.968215158924206
3274,558,40,26.972196761380996
3275,640,40,26.976175931582162
3276,800,40,26.980152671755725
3277,1064,40,26.984126984126984
3277,1118,40,26.984126984126984
3278,1600,40,26.988098870918524
3279,79,40,26.992068334350215
3279,83,40,26.992068334350215
3281,81,40,27.
3282,1600,41,27.004266991770802
3283,1068,41,27.008531383302863
3283,1122,41,27.008531383302863
3284,800,41,27.01279317697228
3285,640,41,27.017052375152254
3286,562,41,27.02130898021309
3287,482,41,27.025562994522215
3287,1398,41,27.025562994522215
3288,400,41,27.029814420444175
3289,721,41,27.034063260340634
3289,739,41,27.034063260340634
3290,320,41,27.038309516570386
3291,904,41,27.04255319148936
3291,1205,41,27.04255319148936
3292,1364,41,27.046794287450624
3293,248,41,27.051032806804375
3293,1527,41,27.051032806804375
3294,242,41,27.055268751897966
3295,885,41,27.059502125075895
3296,1448,41,27.06373292867982
3297,578,41,27.067961165048544
3297,964,41,27.067961165048544
3298,1288,41,27.072186836518046
3299,1047,41,27.076409945421467
3299,1566,41,27.076409945421467
3300,160,41,27.080630494089117
3301,162,41,27.084848484848486
3301,1569,41,27.084848484848486
3302,1046,41,27.089063920024234
3303,577,41,27.09327680193822
3303,1288,41,27.09327680193822
3304,968,41,27.097487132909475
3305,1450,41,27.10169491525424
3306,886,41,27.10590015128593
3307,241,41,27.110102843315186
3307,247,41,27.110102843315186
3308,1532,41,27.114302993649833
3309,911,41,27.11850060459492
3309,1373,41,27.11850060459492
3310,1210,41,27.122695678452704
3311,324,41,27.12688821752266
3311,746,41,27.12688821752266
3312,728,41,27.13107822410148
3313,405,41,27.135265700483092
3313,1407,41,27.135265700483092
3314,484,41,27.139450648958647
3315,565,41,27.143633071816534
3316,648,41,27.147812971342383
3317,810,41,27.15199034981906
3317,1077,41,27.15199034981906
3318,1132,41,27.15616520952668
3319,84,41,27.160337552742615
3319,1620,41,27.160337552742615
3320,80,41,27.164507381741487
3321,80,41,27.16867469879518
3321,82,41,27.16867469879518
3321,161,41,27.16867469879518
3321,163,41,27.16867469879518
3321,242,41,27.16867469879518
3321,244,41,27.16867469879518
3321,323,41,27.16867469879518
3321,325,41,27.16867469879518
3321,404,41,27.16867469879518
3321,406,41,27.16867469879518
3321,485,41,27.16867469879518
3321,487,41,27.16867469879518
3321,566,41,27.16867469879518
3321,568,41,27.16867469879518
3321,647,41,27.16867469879518
3321,649,41,27.16867469879518
3321,728,41,27.16867469879518
3321,730,41,27.16867469879518
3321,809,41,27.16867469879518
3321,811,41,27.16867469879518
3321,890,41,27.16867469879518
3321,892,41,27.16867469879518
3321,971,41,27.16867469879518
3321,973,41,27.16867469879518
3321,1052,41,27.16867469879518
3321,1054,41,27.16867469879518
3321,1133,41,27.16867469879518
3321,1135,41,27.16867469879518
3321,1214,41,27.16867469879518
3321,1216,41,27.16867469879518
3321,1295,41,27.16867469879518
3321,1297,41,27.16867469879518
3321,1376,41,27.16867469879518
3321,1378,41,27.16867469879518
3321,1457,41,27.16867469879518
3321,1459,41,27.16867469879518
3321,1538,41,27.16867469879518
3321,1540,41,27.16867469879518
3321,1619,41,27.16867469879518
3321,1621,41,27.16867469879518
3322,82,41,27.17283950617284
3323,1081,41,27.17700180614088
3323,1620,41,27.17700180614088
3324,1136,41,27.181161600962984
3325,810,41,27.18531889290012
3326,648,41,27.189473684210526
3326,1082,41,27.189473684210526
3327,569,41,27.19362597714973
3327,1415,41,27.19362597714973
3328,488,41,27.197775773970545
3328,1348,41,27.197775773970545
3329,405,41,27.201923076923077
3329,748,41,27.201923076923077
3330,730,41,27.206067888254733
3331,324,41,27.21021021021021
3331,915,41,27.21021021021021
3332,1220,41,27.214350045031523
3333,251,41,27.218487394957982
3333,1381,41,27.218487394957982
3334,1418,41,27.222622262226224
3334,1546,41,27.222622262226224
3335,245,41,27.226754649070187
3336,896,41,27.23088455772114
3337,585,41,27.235011990407674
3337,1466,41,27.235011990407674
3338,750,41,27.239136949355707
3338,976,41,27.239136949355707
3339,1304,41,27.243259436788495
3339,1585,41,27.243259436788495
3340,1060,41,27.247379454926623
3340,1510,41,27.247379454926623
3341,162,41,27.251497005988025
3341,1588,41,27.251497005988025
3342,164,41,27.255612092187967
3342,918,41,27.255612092187967
3343,584,41,27.25972471573908
3343,1059,41,27.25972471573908
3344,1036,41,27.26383487885133
3344,1304,41,27.26383487885133
3345,980,41,27.267942583732058
3346,252,41,27.272047832585947
3346,1468,41,27.272047832585947
3347,250,41,27.276150627615063
3347,897,41,27.276150627615063
3348,244,41,27.280250971018823
3349,922,41,27.284348864994026
3349,1551,41,27.284348864994026
3350,1390,41,27.288444311734846
3351,755,41,27.292537313432835
3351,1225,41,27.292537313432835
3352,328,41,27.296627872276932
3352,400,41,27.296627872276932
3353,737,41,27.30071599045346
3353,1424,41,27.30071599045346
3354,410,41,27.304801670146137
3354,588,41,27.304801670146137
3355,490,41,27.308884913536076
3356,572,41,27.31296572280179
3356,878,41,27.31296572280179
3357,656,41,27.31704410011919
3357,1090,41,27.31704410011919
3358,820,41,27.3211200476616
3358,1594,41,27.3211200476616
3359,85,41,27.32519356759976
3359,1146,41,27.32519356759976
3360,1640,41,27.329264662101817
3361,81,41,27.333333333333332
3361,83,41,27.333333333333332
3362,81,41,27.337399583457305
3362,83,41,27.337399583457305
3362,163,41,27.337399583457305
3362,165,41,27.337399583457305
3362,245,41,27.337399583457305
3362,247,41,27.337399583457305
3362,327,41,27.337399583457305
3362,329,41,27.337399583457305
3362,409,41,27.337399583457305
3362,411,41,27.337399583457305
3362,491,41,27.337399583457305
3362,493,41,27.337399583457305
3362,573,41,27.337399583457305
3362,575,41,27.337399583457305
3362,655,41,27.337399583457305
3362,657,41,27.337399583457305
3362,737,41,27.337399583457305
3362,739,41,27.337399583457305
3362,819,41,27.337399583457305
3362,821,41,27.337399583457305
3362,901,41,27.337399583457305
3362,903,41,27.337399583457305
3362,983,41,27.337399583457305
3362,985,41,27.337399583457305
3362,1065,41,27.337399583457305
3362,1067,41,27.337399583457305
3362,1147,41,27.337399583457305
3362,1149,41,27.337399583457305
3362,1229,41,27.337399583457305
3362,1231,41,27.337399583457305
3362,1311,41,27.337399583457305
3362,1313,41,27.337399583457305
3362,1393,41,27.337399583457305
3362,1395,41,27.337399583457305
3362,1475,41,27.337399583457305
3362,1477,41,27.337399583457305
3362,1557,41,27.337399583457305
3362,1559,41,27.337399583457305
3362,1598,41,27.337399583457305
3362,1639,41,27.337399583457305
3362,1641,41,27.337399583457305
3363,81,41,27.341463414634145
3363,83,41,27.341463414634145
3363,1094,41,27.341463414634145
3364,882,41,27.345524829021706
3364,1642,41,27.345524829021706
3365,1148,41,27.349583828775266
3365,1363,41,27.349583828775266
3366,588,41,27.353640416047547
3366,822,41,27.353640416047547
3367,658,41,27.35769459298871
3368,400,41,27.361746361746363
3368,574,41,27.361746361746363
3369,492,41,27.36579572446556
3370,412,41,27.36984268328881
3371,741,41,27.373887240356083
3371,1524,41,27.373887240356083
3372,330,41,27.377929397804806
3373,1045,41,27.38196915776987
3373,1233,41,27.38196915776987
3374,252,41,27.386006522383635
3374,1400,41,27.386006522383635
3375,1563,41,27.390041493775932
3376,246,41,27.394074074074073
3376,1044,41,27.394074074074073
3377,403,41,27.398104265402843
3377,905,41,27.398104265402843
3378,930,41,27.402132069884512
3378,1482,41,27.402132069884512
3379,884,41,27.40615748963884
3379,990,41,27.40615748963884
3380,1318,41,27.410180526783073
3380,1530,41,27.410180526783073
3381,1071,41,27.414201183431953
3382,166,41,27.418219461697724
3382,762,41,27.418219461697724
3383,164,41,27.422235363690124
3383,887,41,27.422235363690124
3384,1074,41,27.426248891516405
3385,402,41,27.430260047281322
3385,1322,41,27.430260047281322
3386,990,41,27.43426883308715
3386,1438,41,27.43426883308715
3387,1488,41,27.43827525103367
3388,910,41,27.442279303218186
3389,249,41,27.446280991735538
3389,1048,41,27.446280991735538
3390,1572,41,27.450280318678075
3391,1405,41,27.454277286135692
3391,1535,41,27.454277286135692
3392,1242,41,27.45827189619581
3392,1372,41,27.45827189619581
3393,330,41,27.462264150943398
3394,744,41,27.46625405246095
3394,1102,41,27.46625405246095
3395,413,41,27.47024160282852
3396,498,41,27.47422680412371
3397,581,41,27.478209658421672
3397,1374,41,27.478209658421672
3398,86,41,27.482190167795114
3398,662,41,27.482190167795114
3399,828,41,27.486168334314304
3400,80,41,27.490144160047073
3400,1162,41,27.490144160047073
3401,80,41,27.49411764705882
3401,1658,41,27.49411764705882
3402,84,41,27.498088797412525
3403,82,41,27.502057613168724
3403,84,41,27.502057613168724
3403,165,41,27.502057613168724
3403,167,41,27.502057613168724
3403,248,41,27.502057613168724
3403,250,41,27.502057613168724
3403,331,41,27.502057613168724
3403,333,41,27.502057613168724
3403,414,41,27.502057613168724
3403,416,41,27.502057613168724
3403,497,41,27.502057613168724
3403,499,41,27.502057613168724
3403,580,41,27.502057613168724
3403,582,41,27.502057613168724
3403,663,41,27.502057613168724
3403,665,41,27.502057613168724
3403,746,41,27.502057613168724
3403,748,41,27.502057613168724
3403,829,41,27.502057613168724
3403,831,41,27.502057613168724
3403,912,41,27.502057613168724
3403,914,41,27.502057613168724
3403,995,41,27.502057613168724
3403,997,41,27.502057613168724
3403,1078,41,27.502057613168724
3403,1080,41,27.502057613168724
3403,1161,41,27.502057613168724
3403,1163,41,27.502057613168724
3403,1244,41,27.502057613168724
3403,1246,41,27.502057613168724
3403,1327,41,27.502057613168724
3403,1329,41,27.502057613168724
3403,1410,41,27.502057613168724
3403,1412,41,27.502057613168724
3403,1493,41,27.502057613168724
3403,1495,41,27.502057613168724
3403,1576,41,27.502057613168724
3403,1578,41,27.502057613168724
3403,1659,41,27.502057613168724
3403,1661,41,27.502057613168724
3404,82,41,27.50602409638554
3405,1662,41,27.509988249118685
3406,1162,41,27.51395007342144
3407,832,41,27.517909571344685
3407,1380,41,27.517909571344685
3408,666,41,27.521866744936894
3409,581,41,27.525821596244132
3410,498,41,27.529774127310063
3411,417,41,27.533724340175954
3412,750,41,27.53767223688068
3413,334,41,27.541617819460726
3413,1543,41,27.541617819460726
3414,1248,41,27.54556108995019
3415,1058,41,27.549502050380784
3415,1417,41,27.549502050380784
3416,1582,41,27.553440702781845
3417,249,41,27.557377049180328
3418,916,41,27.56131109160082
3419,408,41,27.565242832065536
3419,1500,41,27.565242832065536
3420,1002,41,27.569172272594326
3421,895,41,27.573099415204677
3421,1334,41,27.573099415204677
3422,1084,41,27.57702426191172
3423,168,41,27.58094681472823
3424,166,41,27.584867075664622
3425,898,41,27.588785046728972
3425,1087,41,27.588785046728972
3426,1338,41,27.592700729927007
3427,407,41,27.596614127262114
3427,1002,41,27.596614127262114
3428,1506,41,27.600525240735337
3429,921,41,27.60443407234539
3430,252,41,27.608340624088655
3431,1061,41,27.612244897959183
3431,1591,41,27.612244897959183
3432,1422,41,27.616146895948702
3433,1257,41,27.62004662004662
3433,1554,41,27.62004662004662
3434,334,41,27.623944072240022
3435,753,41,27.627839254513688
3436,418,41,27.63173216885007
3437,504,41,27.635622817229336
3438,588,41,27.63951120162933
3439,670,41,27.643397324025596
3439,1391,41,27.643397324025596
3440,838,41,27.647281186391393
3441,1176,41,27.651162790697676
3442,1678,41,27.655042138913107
3443,81,41,27.658919233004067
3443,85,41,27.658919233004067
3445,83,41,27.666666666666668
3446,1682,42,27.670827285921625
3447,1176,42,27.67498549042368
3448,842,42,27.67914128227444
3449,674,42,27.683294663573086
3449,1122,42,27.683294663573086
3449,1397,42,27.683294663573086
3450,588,42,27.687445636416353
3451,504,42,27.69159420289855
3452,422,42,27.69574036511156
3453,759,42,27.699884125144845
3454,338,42,27.704025485085435
3455,1263,42,27.70816444701795
3455,1562,42,27.70816444701795
3456,1434,42,27.712301013024604
3457,1071,42,27.716435185185187
3457,1601,42,27.716435185185187
3458,252,42,27.72056696557709
3459,927,42,27.724696356275302
3460,1518,42,27.728823359352415
3461,413,42,27.732947976878613
3461,1014,42,27.732947976878613
3462,1350,42,27.7370702109217
3463,906,42,27.741190063547084
3463,1097,42,27.741190063547084
3464,170,42,27.745307536817787
3465,168,42,27.749422632794456
3466,1100,42,27.753535353535355
3467,909,42,27.757645701096365
3467,1354,42,27.757645701096365
3468,1014,42,27.761753677531008
3469,412,42,27.76585928489043
3469,1524,42,27.76585928489043
3470,932,42,27.769962525223406
3471,255,42,27.77406340057637
3472,1610,42,27.778161912993372
3473,1074,42,27.782258064516128
3473,1439,42,27.782258064516128
3474,1272,42,27.78635185718399
3475,338,42,27.790443293033967
3475,1573,42,27.790443293033967
3476,762,42,27.79453237410072
3477,423,42,27.79861910241657
3478,510,42,27.802703480011505
3479,595,42,27.80678550891317
3480,678,42,27.81086519114688
3481,848,42,27.81494252873563
3481,1408,42,27.81494252873563
3482,1190,42,27.819017523700087
3483,1698,42,27.823090178058585
3484,86,42,27.82716049382716
3485,82,42,27.831228473019518
3486,82,42,27.83529411764706
3486,84,42,27.83529411764706
3486,414,42,27.83529411764706
3486,416,42,27.83529411764706
3486,912,42,27.83529411764706
3486,914,42,27.83529411764706
3486,1078,42,27.83529411764706
3486,1080,42,27.83529411764706
3486,1410,42,27.83529411764706
3486,1412,42,27.83529411764706
3486,1576,42,27.83529411764706
3486,1578,42,27.83529411764706
3487,84,42,27.839357429718877
3487,1702,42,27.839357429718877
3488,1190,42,27.843418411241753
3489,852,42,27.847477064220183
3489,1135,42,27.847477064220183
3489,1703,42,27.847477064220183
3490,682,42,27.85153339065635
3491,595,42,27.85558739255014
3491,894,42,27.85558739255014
3491,1191,42,27.85558739255014
3491,1414,42,27.85558739255014
3492,510,42,27.85963907189917
3493,427,42,27.86368843069874
3493,853,42,27.86368843069874
3493,1380,42,27.86368843069874
3494,768,42,27.867735470941884
3495,342,42,27.871780194619348
3495,568,42,27.871780194619348
3495,683,42,27.871780194619348
3496,1278,42,27.875822603719598
3497,487,42,27.879862700228834
3497,596,42,27.879862700228834
3497,1451,42,27.879862700228834
3497,1581,42,27.879862700228834
3498,1620,42,27.88390048613097
3499,255,42,27.88793596340766
3499,511,42,27.88793596340766
3499,1084,42,27.88793596340766
3499,1301,42,27.88793596340766
3500,938,42,27.8919691340383
3501,428,42,27.896
3501,1536,42,27.896
3501,1546,42,27.896
3502,1026,42,27.90002856326764
3503,418,42,27.90405482581382
3503,770,42,27.90405482581382
3503,1060,42,27.90405482581382
3503,1366,42,27.90405482581382
3504,1110,42,27.908078789608908
3505,172,42,27.912100456621005
3505,327,42,27.912100456621005
3505,343,42,27.912100456621005
3505,917,42,27.912100456621005
3506,170,42,27.916119828815976
3507,1113,42,27.920136908157446
3507,1282,42,27.920136908157446
3507,1469,42,27.920136908157446
3508,1370,42,27.924151696606785
3509,817,42,27.92816419612315
3509,920,42,27.92816419612315
3509,1026,42,27.92816419612315
3509,1456,42,27.92816419612315
3510,1542,42,27.932174408663435
3511,244,42,27.936182336182338
3511,417,42,27.936182336182338
3511,943,42,27.936182336182338
3511,1626,42,27.936182336182338
3512,258,42,27.9401879806323
3513,256,42,27.944191343963553
3513,1629,42,27.944191343963553
3513,1633,42,27.944191343963553
3514,1456,42,27.94819242812411
3515,653,42,27.95219123505976
3515,942,42,27.95219123505976
3515,1087,42,27.95219123505976
3515,1287,42,27.95219123505976
3516,342,42,27.956187766714084
3517,408,42,27.96018202502844
3517,771,42,27.96018202502844
3517,1543,42,27.96018202502844
3517,1592,42,27.96018202502844
3518,428,42,27.964174011941996
3519,516,42,27.9681637293917
3519,983,42,27.9681637293917
3519,1031,42,27.9681637293917
3520,602,42,27.972151179312306
3521,686,42,27.976136363636364
3521,736,42,27.976136363636364
3521,1373,42,27.976136363636364
3522,858,42,27.980119284294236
3523,1116,42,27.984099943214083
3523,1204,42,27.984099943214083
3523,1228,42,27.984099943214083
3523,1425,42,27.984099943214083
3524,1718,42,27.988078342321884
3525,87,42,27.99205448354143
3525,163,42,27.99205448354143
3525,173,42,27.99205448354143
3527,83,42,28.
3527,85,42,28.
3527,165,42,28.
3527,171,42,28.
3528,83,42,28.003969379075702
3528,85,42,28.003969379075702
3528,419,42,28.003969379075702
3528,421,42,28.003969379075702
3528,923,42,28.003969379075702
3528,925,42,28.003969379075702
3528,1091,42,28.003969379075702
3528,1093,42,28.003969379075702
3528,1427,42,28.003969379075702
3528,1429,42,28.003969379075702
3528,1595,42,28.003969379075702
3528,1597,42,28.003969379075702
3528,1722,42,28.003969379075702
3529,83,42,28.00793650793651
3529,85,42,28.00793650793651
3529,1120,42,28.00793650793651
3529,1148,42,28.00793650793651
3529,1204,42,28.00793650793651
3529,1232,42,28.00793650793651
3530,904,42,28.011901388495325
3531,740,42,28.01586402266289
3531,1379,42,28.01586402266289
3531,1395,42,28.01586402266289
3532,574,42,28.019824412347777
3533,492,42,28.0237825594564
3533,985,42,28.0237825594564
3533,1033,42,28.0237825594564
3533,1429,42,28.0237825594564
3534,1314,42,28.02773846589301
3535,412,42,28.031692133559705
3535,1553,42,28.031692133559705
3535,1561,42,28.031692133559705
3536,1070,42,28.035643564356434
3537,330,42,28.039592760180994
3537,659,42,28.039592760180994
3537,950,42,28.039592760180994
3538,1482,42,28.043539722929037
3539,260,42,28.047484454494064
3539,824,42,28.047484454494064
3539,1602,42,28.047484454494064
3539,1647,42,28.047484454494064
3540,246,42,28.051426956767447
3541,248,42,28.055367231638417
3541,1095,42,28.055367231638417
3541,1642,42,28.055367231638417
3541,1646,42,28.055367231638417
3542,658,42,28.05930528099407
3543,411,42,28.063241106719367
3543,823,42,28.063241106719367
3543,1468,42,28.063241106719367
3544,990,42,28.06717471069715
3545,421,42,28.071106094808126
3545,741,42,28.071106094808126
3545,1298,42,28.071106094808126
3545,1483,42,28.071106094808126
3546,1236,42,28.07503526093089
3547,164,42,28.078962210941906
3547,329,42,28.078962210941906
3547,345,42,28.078962210941906
3547,930,42,28.078962210941906
3548,166,42,28.082886946715533
3549,778,42,28.086809470124013
3549,1072,42,28.086809470124013
3549,1239,42,28.086809470124013
3550,744,42,28.090729783037474
3551,432,42,28.094647887323944
3551,929,42,28.094647887323944
3551,990,42,28.094647887323944
3551,1570,42,28.094647887323944
3552,414,42,28.09856378484934
3553,424,42,28.10247747747748
3553,521,42,28.10247747747748
3553,662,42,28.10247747747748
3553,1323,42,28.10247747747748
3554,1654,42,28.10638896707008
3555,249,42,28.110298255486775
3555,497,42,28.110298255486775
3555,608,42,28.110298255486775
3556,826,42,28.11420534458509
3557,580,42,28.118110236220474
3557,693,42,28.118110236220474
3557,1102,42,28.118110236220474
3557,1488,42,28.118110236220474
3558,330,42,28.122012932246275
3559,867,42,28.125913434513773
3559,1075,42,28.125913434513773
3559,1408,42,28.125913434513773
3559,1609,42,28.125913434513773
3560,1574,42,28.129811744872153
3561,910,42,28.13370786516854
3561,1217,42,28.13370786516854
3561,1326,42,28.13370786516854
3562,498,42,28.137601797247964
3563,581,42,28.1414935429534
3563,1161,42,28.1414935429534
3563,1737,42,28.1414935429534
3564,1410,42,28.145383104125738
3565,88,42,28.149270482603814
3565,911,42,28.149270482603814
3565,1444,42,28.149270482603814
3565,1742,42,28.149270482603814
3566,1162,42,28.153155680224405
3567,82,42,28.15703869882221
3567,1743,42,28.15703869882221
3568,82,42,28.160919540229884
3569,86,42,28.16479820627803
3570,84,42,28.16867469879518
3570,86,42,28.16867469879518
3570,424,42,28.16867469879518
3570,426,42,28.16867469879518
3570,934,42,28.16867469879518
3570,936,42,28.16867469879518
3570,1104,42,28.16867469879518
3570,1106,42,28.16867469879518
3570,1444,42,28.16867469879518
3570,1446,42,28.16867469879518
3570,1614,42,28.16867469879518
3570,1616,42,28.16867469879518
3571,84,42,28.172549019607843
3571,1743,42,28.172549019607843
3572,1162,42,28.176421170540465
3573,915,42,28.180291153415453
3574,1412,42,28.184158970053176
3575,581,42,28.188024622271964
3575,1446,42,28.188024622271964
3576,498,42,28.19188811188811
3577,1330,42,28.195749440715883
3578,1580,42,28.199608610567516
3579,1083,42,28.203465623253216
3580,334,42,28.207320480581167
3581,1500,42,28.21117318435754
3581,1621,42,28.21117318435754
3582,834,42,28.215023736386485
3583,249,42,28.21887213847013
3583,1108,42,28.21887213847013
3584,1666,42,28.222718392408595
3585,666,42,28.2265625
3586,416,42,28.230404463040447
3587,426,42,28.23424428332404
3587,1002,42,28.23424428332404
3588,750,42,28.238081962642877
3589,941,42,28.241917502787068
3589,1251,42,28.241917502787068
3590,166,42,28.24575090554472
3591,168,42,28.24958217270195
3592,1254,42,28.253411306042885
3593,753,42,28.257238307349667
3593,940,42,28.257238307349667
3594,1002,42,28.26106317840245
3595,419,42,28.26488592097941
3595,429,42,28.26488592097941
3596,670,42,28.268706536856744
3597,1674,42,28.272525027808676
3598,252,42,28.27634139560745
3599,836,42,28.280155642023345
3599,1115,42,28.280155642023345
3600,1506,42,28.283967768824674
3601,334,42,28.287777777777777
3601,1628,42,28.287777777777777
3602,1088,42,28.29158567064704
3603,1593,42,28.29539144919489
3604,1342,42,28.299195115181792
3605,504,42,28.30299667036626
3606,588,42,28.306796116504856
3607,1427,42,28.31059345535219
3607,1461,42,28.31059345535219
3608,922,42,28.314388688660937
3609,1176,42,28.318181818181817
3610,1764,42,28.32197284566362
3611,83,42,28.325761772853184
3611,87,42,28.325761772853184
3613,85,42,28.333333333333332
3614,1764,43,28.337392748408526
3615,1176,43,28.341449916989486
3616,926,43,28.345504840940524
3617,1234,43,28.349557522123895
3617,1429,43,28.349557522123895
3617,1463,43,28.349557522123895
3618,588,43,28.353607962399778
3619,504,43,28.357656163626313
3620,1346,43,28.361702127659573
3621,1599,43,28.36574585635359
3622,1096,43,28.369787351560344
3623,338,43,28.37382661512976
3623,1640,43,28.37382661512976
3624,1518,43,28.37786364890974
3625,844,43,28.381898454746135
3625,1121,43,28.381898454746135
3626,252,43,28.38593103448276
3627,1686,43,28.38996138996139
3628,674,43,28.39398952302178
3629,421,43,28.398015435501655
3629,431,43,28.398015435501655
3630,1014,43,28.402039129236705
3631,759,43,28.406060606060606
3631,952,43,28.406060606060606
3632,1266,43,28.410079867805013
3633,168,43,28.41409691629956
3634,170,43,28.418111753371868
3635,951,43,28.42212438084755
3635,1269,43,28.42212438084755
3636,762,43,28.426134800550205
3637,434,43,28.43014301430143
3637,1014,43,28.43014301430143
3638,424,43,28.434149023920813
3639,678,43,28.43815283122595
3640,1694,43,28.442154438032425
3641,255,43,28.446153846153845
3641,1128,43,28.446153846153845
3642,846,43,28.45015105740181
3643,1524,43,28.454146073585942
3643,1647,43,28.454146073585942
3644,338,43,28.458138896513862
3645,1101,43,28.46212952799122
3646,1612,43,28.466117969821674
3647,1358,43,28.47010422380691
3648,510,43,28.47408829174664
3649,595,43,28.478070175438596
3649,1478,43,28.478070175438596
3650,1444,43,28.48204987667854
3651,933,43,28.486027397260273
3652,1190,43,28.490002738975623
3653,88,43,28.49397590361446
3653,1785,43,28.49397590361446
3654,84,43,28.497946892964688
3655,84,43,28.50191570881226
3655,86,43,28.50191570881226
3655,169,43,28.50191570881226
3655,171,43,28.50191570881226
3655,254,43,28.50191570881226
3655,256,43,28.50191570881226
3655,339,43,28.50191570881226
3655,341,43,28.50191570881226
3655,424,43,28.50191570881226
3655,426,43,28.50191570881226
3655,509,43,28.50191570881226
3655,511,43,28.50191570881226
3655,594,43,28.50191570881226
3655,596,43,28.50191570881226
3655,679,43,28.50191570881226
3655,681,43,28.50191570881226
3655,764,43,28.50191570881226
3655,766,43,28.50191570881226
3655,849,43,28.50191570881226
3655,851,43,28.50191570881226
3655,934,43,28.50191570881226
3655,936,43,28.50191570881226
3655,1019,43,28.50191570881226
3655,1021,43,28.50191570881226
3655,1104,43,28.50191570881226
3655,1106,43,28.50191570881226
3655,1189,43,28.50191570881226
3655,1191,43,28.50191570881226
3655,1274,43,28.50191570881226
3655,1276,43,28.50191570881226
3655,1359,43,28.50191570881226
3655,1361,43,28.50191570881226
3655,1444,43,28.50191570881226
3655,1446,43,28.50191570881226
3655,1529,43,28.50191570881226
3655,1531,43,28.50191570881226
3655,1614,43,28.50191570881226
3655,1616,43,28.50191570881226
3655,1699,43,28.50191570881226
3655,1701,43,28.50191570881226
3655,1784,43,28.50191570881226
3655,1786,43,28.50191570881226
3656,86,43,28.50588235294118
3657,1785,43,28.50984682713348
3658,1190,43,28.513809133169264
3658,1248,43,28.513809133169264
3659,937,43,28.51776927282668
3659,1480,43,28.51776927282668
3660,1446,43,28.521727247881934
3661,595,43,28.52568306010929
3662,510,43,28.52963671128107
3662,750,43,28.52963671128107
3663,1362,43,28.533588203167668
3664,1482,43,28.53753753753754
3664,1618,43,28.53753753753754
3665,1109,43,28.541484716157207
3665,1659,43,28.541484716157207
3666,342,43,28.54542974079127
3666,1584,43,28.54542974079127
3667,1134,43,28.5493726132024
3667,1536,43,28.5493726132024
3668,854,43,28.55331333515135
3669,255,43,28.557251908396946
3670,418,43,28.5611883346961
3670,1706,43,28.5611883346961
3671,436,43,28.565122615803816
3671,682,43,28.565122615803816
3672,426,43,28.569054753473168
3673,963,43,28.572984749455337
3673,1026,43,28.572984749455337
3674,768,43,28.57691260549959
3675,1281,43,28.580838323353294
3676,170,43,28.584761904761905
3676,1664,43,28.584761904761905
3677,172,43,28.588683351468987
3677,962,43,28.588683351468987
3678,1284,43,28.59260266521621
3678,1422,43,28.59260266521621
3679,439,43,28.596519847743338
3679,771,43,28.596519847743338
3680,1026,43,28.600434900788258
3680,1138,43,28.600434900788258
3681,429,43,28.604347826086958
3682,252,43,28.60825862537354
3682,686,43,28.60825862537354
3683,1141,43,28.61216730038023
3683,1714,43,28.61216730038023
3684,258,43,28.61607385283736
3685,856,43,28.619978284473397
3685,1666,43,28.619978284473397
3686,1090,43,28.623880597014924
3686,1542,43,28.623880597014924
3687,342,43,28.627780792186652
3688,438,43,28.63167887171142
3688,1114,43,28.63167887171142
3689,1631,43,28.635574837310195
3690,588,43,28.63946869070209
3690,1374,43,28.63946869070209
3691,516,43,28.643360433604336
3691,1495,43,28.643360433604336
3692,602,43,28.647250067732323
3692,968,43,28.647250067732323
3693,1461,43,28.651137594799568
3694,944,43,28.655023016517735
3694,1764,43,28.655023016517735
3695,89,43,28.658906334596644
3695,1204,43,28.658906334596644
3696,1806,43,28.662787550744248
3697,85,43,28.666666666666668
3697,87,43,28.666666666666668
3698,85,43,28.670543684068164
3698,87,43,28.670543684068164
3698,171,43,28.670543684068164
3698,173,43,28.670543684068164
3698,257,43,28.670543684068164
3698,259,43,28.670543684068164
3698,343,43,28.670543684068164
3698,345,43,28.670543684068164
3698,429,43,28.670543684068164
3698,431,43,28.670543684068164
3698,515,43,28.670543684068164
3698,517,43,28.670543684068164
3698,601,43,28.670543684068164
3698,603,43,28.670543684068164
3698,687,43,28.670543684068164
3698,689,43,28.670543684068164
3698,773,43,28.670543684068164
3698,775,43,28.670543684068164
3698,859,43,28.670543684068164
3698,861,43,28.670543684068164
3698,945,43,28.670543684068164
3698,947,43,28.670543684068164
3698,1031,43,28.670543684068164
3698,1033,43,28.670543684068164
3698,1117,43,28.670543684068164
3698,1119,43,28.670543684068164
3698,1203,43,28.670543684068164
3698,1205,43,28.670543684068164
3698,1289,43,28.670543684068164
3698,1291,43,28.670543684068164
3698,1375,43,28.670543684068164
3698,1377,43,28.670543684068164
3698,1461,43,28.670543684068164
3698,1463,43,28.670543684068164
3698,1547,43,28.670543684068164
3698,1549,43,28.670543684068164
3698,1633,43,28.670543684068164
3698,1635,43,28.670543684068164
3698,1719,43,28.670543684068164
3698,1721,43,28.670543684068164
3698,1764,43,28.670543684068164
3698,1805,43,28.670543684068164
3698,1807,43,28.670543684068164
3699,85,43,28.674418604651162
3699,87,43,28.674418604651162
3699,1262,43,28.674418604651162
3700,968,43,28.678291430116246
3700,1808,43,28.678291430116246
3701,758,43,28.68216216216216
3701,1206,43,28.68216216216216
3702,588,43,28.686030802485813
3702,946,43,28.686030802485813
3703,1465,43,28.68989735278228
3703,1600,43,28.68989735278228
3704,442,43,28.6937618147448
3704,604,43,28.6937618147448
3705,422,43,28.697624190064793
3705,518,43,28.697624190064793
3706,1094,43,28.701484480431848
3706,1380,43,28.701484480431848
3707,1639,43,28.70534268753373
3708,1120,43,28.70919881305638
3709,344,43,28.713052858683927
3709,1434,43,28.713052858683927
3710,252,43,28.71690482609868
3710,1552,43,28.71690482609868
3711,254,43,28.720754716981133
3711,862,43,28.720754716981133
3712,260,43,28.72460253300997
3712,1150,43,28.72460253300997
3713,1098,43,28.728448275862068
3713,1728,43,28.728448275862068
3714,692,43,28.732291947212495
3714,1434,43,28.732291947212495
3715,433,43,28.736133548734518
3715,592,43,28.736133548734518
3716,1036,43,28.739973082099596
3716,1680,43,28.739973082099596
3717,779,43,28.743810548977397
3717,1775,43,28.743810548977397
3718,1298,43,28.747645951035782
3719,174,43,28.75147928994083
3719,1774,43,28.75147928994083
3720,172,43,28.755310567356815
3721,591,43,28.759139784946235
3721,1297,43,28.759139784946235
3722,422,43,28.762966944369794
3722,778,43,28.762966944369794
3723,1040,43,28.766792047286405
3723,1099,43,28.766792047286405
3724,432,43,28.77061509535321
3725,253,43,28.774436090225564
3725,692,43,28.774436090225564
3726,1608,43,28.77825503355705
3726,1732,43,28.77825503355705
3727,259,43,28.782071926999464
3727,1439,43,28.782071926999464
3728,868,43,28.785886772202844
3728,1510,43,28.785886772202844
3729,1562,43,28.78969957081545
3730,348,43,28.793510324483776
3730,762,43,28.793510324483776
3731,423,43,28.797319034852546
3731,1129,43,28.797319034852546
3732,1648,43,28.80112570356473
3733,1388,43,28.80493033226152
3733,1611,43,28.80493033226152
3734,520,43,28.808732922582372
3734,1272,43,28.808732922582372
3735,607,43,28.81253347616497
3735,763,43,28.81253347616497
3736,90,43,28.816331994645246
3736,1476,43,28.816331994645246
3737,957,43,28.820128479657388
3737,1273,43,28.820128479657388
3738,84,43,28.823922932833824
3738,1216,43,28.823922932833824
3739,84,43,28.827715355805243
3739,1825,43,28.827715355805243
3740,88,43,28.831505750200588
3741,86,43,28.83529411764706
3741,88,43,28.83529411764706
3741,173,43,28.83529411764706
3741,175,43,28.83529411764706
3741,260,43,28.83529411764706
3741,262,43,28.83529411764706
3741,347,43,28.83529411764706
3741,349,43,28.83529411764706
3741,434,43,28.83529411764706
3741,436,43,28.83529411764706
3741,521,43,28.83529411764706
3741,523,43,28.83529411764706
3741,608,43,28.83529411764706
3741,610,43,28.83529411764706
3741,695,43,28.83529411764706
3741,697,43,28.83529411764706
3741,782,43,28.83529411764706
3741,784,43,28.83529411764706
3741,869,43,28.83529411764706
3741,871,43,28.83529411764706
3741,956,43,28.83529411764706
3741,958,43,28.83529411764706
3741,1043,43,28.83529411764706
3741,1045,43,28.83529411764706
3741,1130,43,28.83529411764706
3741,1132,43,28.83529411764706
3741,1217,43,28.83529411764706
3741,1219,43,28.83529411764706
3741,1304,43,28.83529411764706
3741,1306,43,28.83529411764706
3741,1391,43,28.83529411764706
3741,1393,43,28.83529411764706
3741,1478,43,28.83529411764706
3741,1480,43,28.83529411764706
3741,1565,43,28.83529411764706
3741,1567,43,28.83529411764706
3741,1652,43,28.83529411764706
3741,1654,43,28.83529411764706
3741,1739,43,28.83529411764706
3741,1741,43,28.83529411764706
3741,1826,43,28.83529411764706
3741,1828,43,28.83529411764706
3742,86,43,28.839080459770116
3743,1277,43,28.84286477819348
3743,1829,43,28.84286477819348
3744,1220,43,28.84664707453914
3745,767,43,28.85042735042735
3745,957,43,28.85042735042735
3746,1482,43,28.854205607476636
3747,611,43,28.85798184730379
3747,1619,43,28.85798184730379
3748,524,43,28.861756071523885
3749,427,43,28.865528281750265
3749,1396,43,28.865528281750265
3750,1658,43,28.86929847959456
3751,1133,43,28.873066666666666
3752,348,43,28.87683284457478
3761,1313,43,28.91063829787234
3761,1796,43,28.91063829787234
3762,176,43,28.914384472214838
3763,174,43,28.91812865497076
3763,1795,43,28.91812865497076
3764,1312,43,28.921870847727877
3765,598,43,28.925611052072263
3765,787,43,28.925611052072263
3766,1052,43,28.929349269588315
3767,437,43,28.933085501858734
3767,1112,43,28.933085501858734
3768,700,43,28.93681975046456
3769,256,43,28.940552016985137
3769,1752,43,28.940552016985137
3770,262,43,28.944282302998143
3771,878,43,28.948010610079574
3771,1456,43,28.948010610079574
3772,1580,43,28.951736939803766
3773,352,43,28.955461293743372
3774,1142,43,28.959183673469386
3775,428,43,28.96290408055114
3775,1667,43,28.96290408055114
3776,1404,43,28.966622516556292
3777,526,43,28.970338983050848
3777,1630,43,28.970338983050848
3778,614,43,28.974053481599153
3779,772,43,28.977766013763897
3779,1493,43,28.977766013763897
3780,968,43,28.98147658110611
3781,1230,43,28.985185185185184
3781,1288,43,28.985185185185184
3782,1846,43,28.988891827558845
3783,85,43,28.992596509783183
3783,89,43,28.992596509783183
3785,87,43,29.
3786,1850,44,29.003963011889034
3787,1234,44,29.007923930269413
3787,1292,44,29.007923930269413
3788,968,44,29.011882756799576
3789,776,44,29.01583949313622
3789,1499,44,29.01583949313622
3790,618,44,29.019794140934284
3791,530,44,29.023746701846967
3791,1638,44,29.023746701846967
3792,1412,44,29.02769717752572
3793,432,44,29.031645569620252
3793,1677,44,29.031645569620252
3794,1146,44,29.03559187977854
3795,352,44,29.03953610964681
3796,1588,44,29.043478260869566
3797,882,44,29.047418335089567
3797,1468,44,29.047418335089567
3798,266,44,29.051356333947854
3799,260,44,29.05529225908373
3799,1768,44,29.05529225908373
3800,708,44,29.059226112134773
3801,443,44,29.063157894736843
3801,1124,44,29.063157894736843
3802,1060,44,29.067087608524073
3803,606,44,29.07101525512888
3803,797,44,29.07101525512888
3804,1328,44,29.074940836181963
3805,178,44,29.0788643533123
3805,1817,44,29.0788643533123
3806,176,44,29.082785808147175
3807,1327,44,29.08670520231214
3807,1816,44,29.08670520231214
3808,796,44,29.09062253743105
3809,605,44,29.09453781512605
3809,1064,44,29.09453781512605
3810,442,44,29.09845103701759
3811,708,44,29.10236220472441
3811,1125,44,29.10236220472441
3812,1772,44,29.106271319863552
3813,259,44,29.110178384050368
3813,265,44,29.110178384050368
3814,888,44,29.114083398898504
3815,1473,44,29.117986366019927
3815,1598,44,29.117986366019927
3816,356,44,29.1218872870249
3817,1155,44,29.12578616352201
3818,1686,44,29.129682997118156
3819,433,44,29.133577789418545
3819,1420,44,29.133577789418545
3820,532,44,29.13747054202671
3821,621,44,29.141361256544503
3821,1649,44,29.141361256544503
3822,1510,44,29.145249934572103
3823,781,44,29.149136577708006
3823,979,44,29.149136577708006
3824,1244,44,29.153021187549044
3825,1303,44,29.156903765690377
3825,1867,44,29.156903765690377
3826,90,44,29.16078431372549
3827,86,44,29.16466283324621
3828,86,44,29.168539325842698
3828,88,44,29.168539325842698
3828,260,44,29.168539325842698
3828,262,44,29.168539325842698
3828,434,44,29.168539325842698
3828,436,44,29.168539325842698
3828,608,44,29.168539325842698
3828,610,44,29.168539325842698
3828,782,44,29.168539325842698
3828,784,44,29.168539325842698
3828,1130,44,29.168539325842698
3828,1132,44,29.168539325842698
3828,1304,44,29.168539325842698
3828,1306,44,29.168539325842698
3828,1478,44,29.168539325842698
3828,1480,44,29.168539325842698
3828,1652,44,29.168539325842698
3828,1654,44,29.168539325842698
3828,1826,44,29.168539325842698
3828,1828,44,29.168539325842698
3829,88,44,29.17241379310345
3829,1871,44,29.17241379310345
3830,1248,44,29.176286236615304
3831,979,44,29.180156657963447
3831,1307,44,29.180156657963447
3831,1872,44,29.180156657963447
3832,1516,44,29.1840250587314
3833,625,44,29.187891440501044
3833,785,44,29.187891440501044
3833,936,44,29.187891440501044
3833,1249,44,29.187891440501044
3834,536,44,29.191755804852598
3835,980,44,29.19561815336463
3835,1428,44,29.19561815336463
3835,1657,44,29.19561815336463
3836,1696,44,29.19947848761408
3837,437,44,29.203336809176225
3837,1159,44,29.203336809176225
3837,1518,44,29.203336809176225
3838,356,44,29.20719311962471
3839,626,44,29.21104742053153
3839,1110,44,29.21104742053153
3839,1606,44,29.21104742053153
3840,892,44,29.214899713467048
3841,269,44,29.21875
3841,537,44,29.21875
3841,1452,44,29.21875
3841,1485,44,29.21875
3842,1788,44,29.222598281697476
3843,263,44,29.226444560124936
3843,716,44,29.226444560124936
3843,1431,44,29.226444560124936
3844,448,44,29.230288836846213
3845,1072,44,29.234131113423516
3845,1137,44,29.234131113423516
3845,1700,44,29.234131113423516
3846,806,44,29.237971391417425
3847,341,44,29.241809672386896
3847,613,44,29.241809672386896
3847,1162,44,29.241809672386896
3847,1343,44,29.241809672386896
3848,180,44,29.245645957889263
3849,178,44,29.24948024948025
3849,357,44,29.24948024948025
3849,1838,44,29.24948024948025
3850,1342,44,29.25331254871395
3851,600,44,29.257142857142856
3851,805,44,29.257142857142856
3851,1611,44,29.257142857142856
3851,1837,44,29.257142857142856
3852,1076,44,29.260971176317838
3853,447,44,29.264797507788163
3853,612,44,29.264797507788163
3853,895,44,29.264797507788163
3853,1369,44,29.264797507788163
3854,716,44,29.26862185310148
3855,270,44,29.27244421380384
3855,1138,44,29.27244421380384
3855,1792,44,29.27244421380384
3856,268,44,29.276264591439688
3857,262,44,29.280082987551868
3857,898,44,29.280082987551868
3857,1199,44,29.280082987551868
3857,1795,44,29.280082987551868
3858,1616,44,29.28389940368162
3859,360,44,29.287713841368586
3859,687,44,29.287713841368586
3859,719,44,29.287713841368586
3859,1490,44,29.287713841368586
3860,1168,44,29.291526302150817
3861,450,44,29.295336787564768
3861,1705,44,29.295336787564768
3862,1436,44,29.299145299145298
3863,438,44,29.302951838425685
3863,538,44,29.302951838425685
3863,1077,44,29.302951838425685
3863,1632,44,29.302951838425685
3864,628,44,29.306756406937613
3865,810,44,29.31055900621118
3865,1527,44,29.31055900621118
3865,1668,44,29.31055900621118
3866,990,44,29.314359637774903
3867,790,44,29.318158303155716
3867,1258,44,29.318158303155716
3867,1350,44,29.318158303155716
3868,1888,44,29.321955003878976
3869,91,44,29.32574974146846
3869,171,44,29.32574974146846
3869,181,44,29.32574974146846
3869,1318,44,29.32574974146846
3871,87,44,29.333333333333332
3871,89,44,29.333333333333332
3871,173,44,29.333333333333332
3871,179,44,29.333333333333332
3872,87,44,29.33712219064841
3872,89,44,29.33712219064841
3872,263,44,29.33712219064841
3872,265,44,29.33712219064841
3872,439,44,29.33712219064841
3872,441,44,29.33712219064841
3872,615,44,29.33712219064841
3872,617,44,29.33712219064841
3872,791,44,29.33712219064841
3872,793,44,29.33712219064841
3872,1143,44,29.33712219064841
3872,1145,44,29.33712219064841
3872,1319,44,29.33712219064841
3872,1321,44,29.33712219064841
3872,1495,44,29.33712219064841
3872,1497,44,29.33712219064841
3872,1671,44,29.33712219064841
3872,1673,44,29.33712219064841
3872,1847,44,29.33712219064841
3872,1849,44,29.33712219064841
3872,1892,44,29.33712219064841
3873,87,44,29.34090909090909
3873,89,44,29.34090909090909
3873,1262,44,29.34090909090909
3873,1350,44,29.34090909090909
3874,946,44,29.344694035631292
3875,810,44,29.348477026329377
3875,1320,44,29.348477026329377
3877,792,44,29.356037151702786
3877,1083,44,29.356037151702786
3877,1121,44,29.356037151702786
3877,1636,44,29.356037151702786
3878,1466,44,29.35981428939902
3879,450,44,29.363589479112946
3879,1674,44,29.363589479112946
3881,344,44,29.371134020618555
3881,440,44,29.371134020618555
3881,689,44,29.371134020618555
3881,721,44,29.371134020618555
3883,605,44,29.378670788253476
3883,1209,44,29.378670788253476
3883,1805,44,29.378670788253476
3884,1380,44,29.38243626062323
3885,270,44,29.386199794026776
3885,1500,44,29.386199794026776
3886,1208,44,29.38996138996139
3887,264,44,29.3937210499228
3887,692,44,29.3937210499228
3887,905,44,29.3937210499228
3887,1383,44,29.3937210499228
3889,604,44,29.401234567901234
3889,1148,44,29.401234567901234
3889,1629,44,29.401234567901234
3889,1643,44,29.401234567901234
3891,363,44,29.408740359897173
3891,618,44,29.408740359897173
3892,172,44,29.41249036237471
3893,174,44,29.41623843782117
3893,347,44,29.41623843782117
3893,1178,44,29.41623843782117
3893,1857,44,29.41623843782117
3895,1720,44,29.423728813559322
3895,1860,44,29.423728813559322
3896,1644,44,29.42747111681643
3897,621,44,29.431211498973305
3897,1449,44,29.431211498973305
3898,692,44,29.434949961508853
3899,543,44,29.438686505900463
3899,1153,44,29.438686505900463
3899,1214,44,29.438686505900463
3899,1472,44,29.438686505900463
3901,267,44,29.446153846153845
3901,634,44,29.446153846153845
3901,1126,44,29.446153846153845
3901,1388,44,29.446153846153845
3902,606,44,29.44988464496283
3903,1509,44,29.453613531522297
3903,1542,44,29.453613531522297
3904,348,44,29.457340507302074
3905,1000,44,29.46106557377049
3907,445,44,29.468509984639017
3907,956,44,29.468509984639017
3907,1271,44,29.468509984639017
3907,1475,44,29.468509984639017
3908,1128,44,29.47222933196826
3909,1689,44,29.47594677584442
3909,1908,44,29.47594677584442
3911,92,44,29.483375959079282
3911,801,44,29.483375959079282
3911,957,44,29.483375959079282
3911,1913,44,29.483375959079282
3913,86,44,29.49079754601227
3913,1335,44,29.49079754601227
3913,1914,44,29.49079754601227
3914,86,44,29.494505494505493
3915,90,44,29.498211548288197
3916,88,44,29.50191570881226
3916,90,44,29.50191570881226
3916,266,44,29.50191570881226
3916,268,44,29.50191570881226
3916,444,44,29.50191570881226
3916,446,44,29.50191570881226
3916,622,44,29.50191570881226
3916,624,44,29.50191570881226
3916,800,44,29.50191570881226
3916,802,44,29.50191570881226
3916,1156,44,29.50191570881226
3916,1158,44,29.50191570881226
3916,1334,44,29.50191570881226
3916,1336,44,29.50191570881226
3916,1512,44,29.50191570881226
3916,1514,44,29.50191570881226
3916,1690,44,29.50191570881226
3916,1692,44,29.50191570881226
3916,1868,44,29.50191570881226
3916,1870,44,29.50191570881226
3917,88,44,29.50561797752809
3917,1914,44,29.50561797752809
3919,957,44,29.51301684532925
3919,1335,44,29.51301684532925
3921,801,44,29.520408163265305
3922,1134,44,29.524100994644222
3923,1483,44,29.52779194288628
3923,1693,44,29.52779194288628
3925,445,44,29.535168195718654
3926,348,44,29.538853503184715
3928,612,44,29.54621848739496
3929,1396,44,29.54989816700611
3929,1517,44,29.54989816700611
3931,267,44,29.557251908396946
3931,1222,44,29.557251908396946
3932,700,44,29.560925973034852
3933,1161,44,29.564598168870802
3934,1662,44,29.568268497330283
3935,625,44,29.571936959837316
3937,174,44,29.579268292682926
3937,1878,44,29.579268292682926
3938,176,44,29.58293116586233
3939,1881,44,29.58659217877095
3941,628,44,29.593908629441625
3941,1663,44,29.593908629441625
3943,700,44,29.601217656012178
3943,1166,44,29.601217656012178
3944,1228,44,29.604869388790263
3945,270,44,29.608519269776878
3946,1404,44,29.61216730038023
3947,613,44,29.615813482007095
3947,1526,44,29.615813482007095
3949,352,44,29.623100303951368
3951,450,44,29.630379746835445
3952,1492,44,29.63401670463174
3953,1141,44,29.63765182186235
3953,1708,44,29.63765182186235
3955,810,44,29.644916540212442
3956,968,44,29.648546144121365
3957,1350,44,29.652173913043477
3958,1936,44,29.655799848369977
3959,87,44,29.659423951490652
3959,91,44,29.659423951490652
3961,89,44,29.666666666666668
3962,1936,45,29.670537742994192
3963,1350,45,29.674406865219588
3964,968,45,29.678274034822106
3965,810,45,29.682139253279516
3965,1292,45,29.682139253279516
3967,1147,45,29.689863842662632
3967,1712,45,29.689863842662632
3968,1500,45,29.693723216536426
3969,450,45,29.697580645161292
3971,352,45,29.70528967254408
3973,619,45,29.71299093655589
3973,1534,45,29.71299093655589
3974,1412,45,29.71683866096149
3975,270,45,29.720684448917968
3976,1236,45,29.724528301886792
3977,708,45,29.728370221327967
3977,1174,45,29.728370221327967
3979,632,45,29.73604826546003
3979,1681,45,29.73604826546003
3981,1899,45,29.743718592964825
3982,176,45,29.74755086661643
3983,178,45,29.751381215469614
3983,1902,45,29.751381215469614
3985,635,45,29.759036144578314
3986,1682,45,29.762860727728985
3987,1179,45,29.76668339187155
3988,708,45,29.77050413844996
3989,273,45,29.77432296890672
3989,1242,45,29.77432296890672
3991,1420,45,29.781954887218046
3991,1543,45,29.781954887218046
3992,620,45,29.78576797795039
3994,356,45,29.793388429752067
3995,455,45,29.797195793690534
3997,1509,45,29.804804804804803
3997,1727,45,29.804804804804803
3998,1154,45,29.80860645484113
3999,819,45,29.81240620310155
4001,979,45,29.82
4001,1365,45,29.82
4003,92,45,29.82758620689655
4003,1958,45,29.82758620689655
4004,88,45,29.831376467649264
4005,88,45,29.835164835164836
4005,90,45,29.835164835164836
4005,177,45,29.835164835164836
4005,179,45,29.835164835164836
4005,355,45,29.835164835164836
4005,357,45,29.835164835164836
4005,622,45,29.835164835164836
4005,624,45,29.835164835164836
4005,711,45,29.835164835164836
4005,713,45,29.835164835164836
4005,978,45,29.835164835164836
4005,980,45,29.835164835164836
4005,1156,45,29.835164835164836
4005,1158,45,29.835164835164836
4005,1245,45,29.835164835164836
4005,1247,45,29.835164835164836
4005,1423,45,29.835164835164836
4005,1425,45,29.835164835164836
4005,1512,45,29.835164835164836
4005,1514,45,29.835164835164836
4005,1690,45,29.835164835164836
4005,1692,45,29.835164835164836
4005,1957,45,29.835164835164836
4005,1959,45,29.835164835164836
4006,90,45,29.83895131086142
4007,1365,45,29.842735896155766
4007,1958,45,29.842735896155766
4008,1306,45,29.84651859246319
4009,819,45,29.850299401197606
4009,979,45,29.850299401197606
4010,1366,45,29.854078323771514
4011,1731,45,29.85785536159601
4012,784,45,29.861630516080776
4012,1160,45,29.861630516080776
4013,455,45,29.865403788634097
4013,1517,45,29.865403788634097
4014,820,45,29.869175180662847
4016,356,45,29.876712328767123
4016,1134,45,29.876712328767123
4017,1551,45,29.8804780876494
4018,626,45,29.88424197162061
4018,1734,45,29.88424197162061
4019,273,45,29.888003982080637
4019,1428,45,29.888003982080637
4020,436,45,29.89176412042797
4021,1187,45,29.895522388059703
4021,1250,45,29.895522388059703
4022,456,45,29.89927878637155
4022,716,45,29.89927878637155
4023,639,45,29.90303331675783
4024,1700,45,29.906785980611485
4024,1838,45,29.906785980611485
4025,1920,45,29.910536779324055
4027,178,45,29.918032786885245
4027,1923,45,29.918032786885245
4028,180,45,29.921777998510056
4028,612,45,29.921777998510056
4029,642,45,29.925521350546177
4030,1556,45,29.929262844378258
4031,1192,45,29.93300248138958
4031,1701,45,29.93300248138958
4032,262,45,29.936740262962044
4033,276,45,29.94047619047619
4033,716,45,29.94047619047619
4034,274,45,29.94421026531118
4034,1256,45,29.94421026531118
4035,1560,45,29.94794248884482
4036,1436,45,29.95167286245353
4036,1668,45,29.95167286245353
4037,627,45,29.95540138751239
4038,1192,45,29.959128065395095
4039,360,45,29.962852897473997
4039,460,45,29.962852897473997
4040,1494,45,29.96657588512008
4041,1746,45,29.97029702970297
4042,642,45,29.974016332590942
4042,1526,45,29.974016332590942
4043,828,45,29.977733795150915
4043,1167,45,29.977733795150915
4044,968,45,29.981449418748454
4045,1380,45,29.985163204747774
4046,990,45,29.988875154511742
4046,1930,45,29.988875154511742
4047,93,45,29.99258526940188
4048,1980,45,29.996293550778354
4049,89,45,30.
4049,91,45,30.
4050,89,45,30.0037046184243
4050,91,45,30.0037046184243
4050,179,45,30.0037046184243
4050,181,45,30.0037046184243
4050,359,45,30.0037046184243
4050,361,45,30.0037046184243
4050,629,45,30.0037046184243
4050,631,45,30.0037046184243
4050,719,45,30.0037046184243
4050,721,45,30.0037046184243
4050,989,45,30.0037046184243
4050,991,45,30.0037046184243
4050,1169,45,30.0037046184243
4050,1171,45,30.0037046184243
4050,1259,45,30.0037046184243
4050,1261,45,30.0037046184243
4050,1439,45,30.0037046184243
4050,1441,45,30.0037046184243
4050,1529,45,30.0037046184243
4050,1531,45,30.0037046184243
4050,1709,45,30.0037046184243
4050,1711,45,30.0037046184243
4050,1934,45,30.0037046184243
4050,1979,45,30.0037046184243
4050,1981,45,30.0037046184243
4051,89,45,30.007407407407406
4051,91,45,30.007407407407406
4051,1320,45,30.007407407407406
4051,1380,45,30.007407407407406
4052,968,45,30.01110836830412
4052,1982,45,30.01110836830412
4053,792,45,30.014807502467917
4054,646,45,30.018504811250924
4054,992,45,30.018504811250924
4055,1145,45,30.02220029600395
4056,1498,45,30.02589395807645
4057,440,45,30.02958579881657
4057,1171,45,30.02958579881657
4058,1200,45,30.033275819571113
4058,1532,45,30.033275819571113
4059,1854,45,30.03696402168556
4060,1676,45,30.040650406504064
4061,362,45,30.04433497536946
4061,617,45,30.04433497536946
4062,278,45,30.048017729623247
4063,264,45,30.051698670605614
4063,631,45,30.051698670605614
4064,266,45,30.055377799655428
4064,1446,45,30.055377799655428
4065,1680,45,30.059055118110237
4066,1266,45,30.062730627306273
4066,1572,45,30.062730627306273
4067,722,45,30.066404328578457
4067,1504,45,30.066404328578457
4068,620,45,30.07007622326039
4069,974,45,30.073746312684367
4069,1717,45,30.073746312684367
4072,182,45,30.084745762711865
4072,1858,45,30.084745762711865
4073,180,45,30.088408644400786
4073,973,45,30.088408644400786
4074,464,45,30.092069727473607
4075,1505,45,30.095729013254786
4076,444,45,30.099386503067485
4076,1722,45,30.099386503067485
4077,1683,45,30.103042198233563
4078,726,45,30.106696100073584
4078,1762,45,30.106696100073584
4079,267,45,30.110348209906817
4079,1268,45,30.110348209906817
4080,1154,45,30.113998529051237
4081,622,45,30.11764705882353
4081,1450,45,30.11764705882353
4082,636,45,30.121293800539082
4082,836,45,30.121293800539082
4083,1863,45,30.124938755512005
4084,362,45,30.128581925055105
4084,800,45,30.128581925055105
4085,445,45,30.132223310479922
4086,1394,45,30.135862913096695
4087,1156,45,30.13950073421439
4087,1545,45,30.13950073421439
4088,1182,45,30.14313677514069
4088,1334,45,30.14313677514069
4089,801,45,30.146771037181995
4090,94,45,30.150403521643433
4091,999,45,30.154034229828852
4091,1335,45,30.154034229828852
4092,88,45,30.157663163040823
4093,88,45,30.161290322580644
4093,2000,45,30.161290322580644
4094,92,45,30.16491570974835
4095,90,45,30.168539325842698
4095,92,45,30.168539325842698
4095,181,45,30.168539325842698
4095,183,45,30.168539325842698
4095,363,45,30.168539325842698
4095,365,45,30.168539325842698
4095,636,45,30.168539325842698
4095,638,45,30.168539325842698
4095,727,45,30.168539325842698
4095,729,45,30.168539325842698
4095,1000,45,30.168539325842698
4095,1002,45,30.168539325842698
4095,1182,45,30.168539325842698
4095,1184,45,30.168539325842698
4095,1273,45,30.168539325842698
4095,1275,45,30.168539325842698
4095,1455,45,30.168539325842698
4095,1457,45,30.168539325842698
4095,1546,45,30.168539325842698
4095,1548,45,30.168539325842698
4095,1728,45,30.168539325842698
4095,1730,45,30.168539325842698
4095,2001,45,30.168539325842698
4095,2003,45,30.168539325842698
4096,90,45,30.17216117216117
4097,1335,45,30.17578125
4097,2004,45,30.17578125
4099,801,45,30.183016105417277
4099,1003,45,30.183016105417277
